0.7345399260520935
0.8435447216033936
1.0018242597579956
0.9831076860427856
1.0252714157104492
1.0947535037994385
1.0817193984985352
1.1062039136886597
1.187656044960022
1.0667520761489868
1.1648439168930054
1.1373748779296875
1.0869113206863403
1.137725830078125
1.1072660684585571
1.156516671180725
1.2566741704940796
1.1901483535766602
1.2012728452682495
1.225135087966919
1.3074986934661865
1.2780721187591553
1.3249146938323975
1.3754289150238037
1.3219143152236938
1.295220136642456
1.3505185842514038
1.3441886901855469
1.3890799283981323
1.489968180656433
1.4544121026992798
1.4888038635253906
1.6277308464050293
1.5055885314941406
1.4462966918945313
1.3063015937805176
1.3657351732254028
1.3014039993286133
1.2948594093322754
1.206632375717163
1.2080892324447632
1.2289843559265137
1.3476386070251465
1.2694787979125977
1.2286268472671509
1.2247720956802368
1.2386949062347412
1.1390657424926758
1.1702663898468018
1.269248127937317
1.2567161321640015
1.2164534330368042
1.133306622505188
1.1205894947052002
1.2020177841186523
1.2353142499923706
1.251072645187378
1.2285431623458862
1.1593542098999023
1.2939611673355103
1.277079701423645
1.279278039932251
1.238939881324768
1.2477514743804932
1.245516061782837
1.2779606580734253
1.4672869443893433
1.4394258260726929
1.4226641654968262
1.2563879489898682
1.3197979927062988
1.1797516345977783
1.2299116849899292
1.1242951154708862
1.0849707126617432
1.1631646156311035
1.0730395317077637
1.125290870666504
1.1656371355056763
1.1616092920303345
1.2068088054656982
1.224670648574829
1.2228904962539673
1.2499512434005737
1.1525344848632813
1.2042099237442017
1.1821932792663574
1.192008376121521
1.2408597469329834
1.2164266109466553
1.2963624000549316
1.2548751831054688
1.2669367790222168
1.3096837997436523
1.3636759519577026
1.3444894552230835
1.4832769632339478
1.441392421722412
1.3936421871185303
1.4356663227081299
1.445121169090271
1.557839035987854
1.491487741470337
1.4904937744140625
1.4523025751113892
1.5857548713684082
1.5335657596588135
1.5104283094406128
1.541276216506958
1.4999985694885254
1.4938603639602661
1.5544112920761108
1.502917766571045
1.646125316619873
1.616989016532898
1.6451210975646973
1.7176318168640137
1.669149398803711
1.6593960523605347
1.5620588064193726
1.6495161056518555
1.4828689098358154
1.4330401420593262
1.457818865776062
1.5318647623062134
1.416537880897522
1.6594641208648682
1.6168019771575928
1.6110894680023193
1.5983657836914063
1.698872447013855
1.6970124244689941
1.6223112344741821
1.6493159532546997
1.5419386625289917
1.597949743270874
1.5637491941452026
1.5203053951263428
1.6306393146514893
1.7094351053237915
1.6450904607772827
1.7245250940322876
1.7056025266647339
1.6837396621704102
1.6257712841033936
1.6651256084442139
1.6116784811019897
1.6145553588867188
1.63786780834198
1.6058013439178467
1.56895911693573
1.6658382415771484
1.5332295894622803
1.4847445487976074
1.5662367343902588
1.5459847450256348
1.545169711112976
1.375208854675293
1.5537053346633911
1.4314725399017334
1.4104135036468506
1.5869871377944946
1.5073922872543335
1.4673010110855103
1.4154576063156128
1.4682306051254272
1.5894598960876465
1.5807257890701294
1.5923614501953125
1.6146763563156128
1.6928809881210327
1.6815965175628662
1.7115081548690796
1.6797168254852295
1.6767597198486328
1.803366780281067
1.7415337562561035
1.7129149436950684
1.734192132949829
1.6495802402496338
1.6575627326965332
1.6682863235473633
1.7247910499572754
1.7066195011138916
1.6651253700256348
1.7735686302185059
1.7635823488235474
1.7216682434082031
1.6867541074752808
1.647816777229309
1.601505160331726
1.5694124698638916
1.561215877532959
1.6070557832717896
1.5902254581451416
1.488244652748108
1.5077075958251953
1.4696890115737915
1.597219705581665
1.5472073554992676
1.591925024986267
1.553361415863037
1.548310399055481
1.5717360973358154
1.6577119827270508
1.7706984281539917
1.7237650156021118
1.7275813817977905
1.8726948499679565
1.7980214357376099
1.7154971361160278
1.7076014280319214
1.6993976831436157
1.760318398475647
1.734162449836731
1.7336716651916504
1.8661210536956787
1.8496774435043335
1.8768709897994995
1.8249260187149048
1.7689186334609985
1.7813173532485962
1.8105276823043823
1.769205927848816
1.798451542854309
1.7574820518493652
1.8434454202651978
1.826343297958374
1.6959033012390137
1.5728358030319214
1.5861937999725342
1.6724717617034912
1.7322804927825928
1.8245429992675781
1.7854936122894287
1.7877840995788574
1.8666490316390991
1.828644871711731
1.9661082029342651
1.9271759986877441
1.95345139503479
2.004768133163452
1.8904922008514404
1.8378424644470215
1.8816249370574951
1.814505934715271
1.893418312072754
1.8318504095077515
1.8200618028640747
1.7850890159606934
1.7796909809112549
1.7509413957595825
1.779906153678894
1.730391502380371
1.8017630577087402
1.8104753494262695
1.715038776397705
1.784470558166504
1.8798558712005615
1.8467373847961426
1.7652941942214966
1.6446571350097656
1.7370388507843018
1.6928255558013916
1.7009936571121216
1.6100034713745117
1.6775084733963013
1.7345536947250366
1.8819124698638916
1.7564159631729126
1.749297022819519
1.74727201461792
1.6730008125305176
1.635369062423706
1.5796372890472412
1.6274837255477905
1.6558560132980347
1.6666584014892578
1.6114060878753662
1.6393561363220215
1.6394433975219727
1.7241302728652954
1.6652891635894775
1.7890105247497559
1.6488696336746216
1.7287611961364746
1.6787564754486084
1.562313437461853
1.6221168041229248
1.6018317937850952
1.5825413465499878
1.619571566581726
1.6354138851165771
1.6268231868743896
1.6724166870117188
1.6652023792266846
1.660650610923767
1.7905584573745728
1.6838849782943726
1.6589515209197998
1.7458328008651733
1.6787265539169312
1.7479463815689087
1.6733019351959229
1.7489264011383057
1.7734980583190918
1.867735743522644
1.7309775352478027
1.7646291255950928
1.8485068082809448
1.7271610498428345
1.7001025676727295
1.6963719129562378
1.7203174829483032
1.7825077772140503
1.841722011566162
1.8588398694992065
1.9055432081222534
1.9795417785644531
1.841865062713623
1.9065380096435547
1.9607069492340088
1.8329417705535889
1.8772995471954346
1.8107819557189941
1.7543662786483765
1.7482322454452515
1.7452633380889893
1.8032352924346924
1.8531837463378906
1.8505542278289795
1.7884433269500732
1.7863869667053223
1.6803349256515503
1.6462446451187134
1.7444448471069336
1.719204068183899
1.8820792436599731
1.8343323469161987
1.8083010911941528
1.9173872470855713
1.8058522939682007
1.8242090940475464
1.7911432981491089
1.8405839204788208
1.8079054355621338
1.7587392330169678
1.7470808029174805
1.794809103012085
1.7144237756729126
1.8313343524932861
1.7707741260528564
1.7947349548339844
1.8020018339157104
1.8685789108276367
1.8204604387283325
1.8809982538223267
1.9307142496109009
1.8605434894561768
1.9392021894454956
1.9837933778762817
1.9947739839553833
1.915816307067871
1.8899164199829102
2.049614191055298
2.129607677459717
2.1156110763549805
2.083117961883545
2.0253121852874756
1.9216221570968628
1.9957621097564697
2.0559604167938232
1.9770679473876953
1.9982181787490845
2.026587724685669
1.9907578229904175
1.9782745838165283
2.054129123687744
2.1498913764953613
2.1037886142730713
2.1400344371795654
2.06908917427063
2.128985643386841
2.175083637237549
2.1087465286254883
2.0280344486236572
2.122690439224243
2.0515146255493164
2.0756897926330566
2.104935884475708
2.0893311500549316
2.005574941635132
1.966193437576294
2.0038232803344727
2.0694613456726074
2.115467071533203
2.0456736087799072
2.075859785079956
2.085383415222168
1.9919875860214233
1.8787944316864014
1.9933726787567139
1.9250078201293945
1.9828386306762695
1.9257373809814453
1.9765499830245972
1.962538242340088
1.9607326984405518
1.9706244468688965
1.9655684232711792
1.9577516317367554
1.9548262357711792
2.0476932525634766
1.9630482196807861
1.9575538635253906
1.83528470993042
1.861895203590393
1.9719624519348145
1.9200042486190796
1.8583250045776367
1.8954089879989624
1.7334632873535156
1.863272786140442
1.7956188917160034
1.807355523109436
1.892516016960144
1.80657160282135
1.7897202968597412
1.7336244583129883
1.626717448234558
1.6302834749221802
1.582963466644287
1.6521471738815308
1.6349564790725708
1.6518635749816895
1.655458688735962
1.6249916553497314
1.6706526279449463
1.6784168481826782
1.7546392679214478
1.8025895357131958
1.81429922580719
1.816638708114624
1.8417798280715942
1.8156737089157104
1.7879718542099
1.7885292768478394
1.7958686351776123
1.8328115940093994
1.8389936685562134
1.7501440048217773
1.7773916721343994
1.7311855554580688
1.677924633026123
1.7525721788406372
1.7100344896316528
1.7545908689498901
1.770009994506836
1.715069055557251
1.6988372802734375
1.6937695741653442
1.6402747631072998
1.6754140853881836
1.6276589632034302
1.643802285194397
1.657383680343628
1.6336486339569092
1.5602829456329346
1.6262965202331543
1.5861512422561646
1.721264123916626
1.630058765411377
1.7059574127197266
1.7138407230377197
1.7213667631149292
1.6907552480697632
1.7008943557739258
1.5796055793762207
1.5836355686187744
1.6842257976531982
1.7027236223220825
1.7454687356948853
1.8656096458435059
1.8107484579086304
1.805965781211853
1.8443390130996704
1.8220309019088745
1.9237277507781982
1.941384196281433
1.892775297164917
1.9640885591506958
1.9604557752609253
1.8946696519851685
1.9364845752716064
1.9996843338012695
1.902397871017456
1.8153537511825562
1.8944097757339478
1.9329652786254883
1.8687896728515625
1.8876287937164307
1.890822410583496
1.985195279121399
1.9216035604476929
1.894033670425415
1.921890377998352
1.994057059288025
1.9703270196914673
1.9436867237091064
1.9577723741531372
1.9339878559112549
1.896167516708374
1.8272780179977417
1.7642316818237305
1.838398814201355
1.8736578226089478
1.9110629558563232
1.9403029680252075
1.9324703216552734
1.9663872718811035
2.0110394954681396
2.0032172203063965
1.9377565383911133
1.9645864963531494
1.8700698614120483
1.931525468826294
1.9734508991241455
1.9308286905288696
1.9965122938156128
2.030679941177368
2.117232322692871
1.9829471111297607
1.9955164194107056
2.1278879642486572
2.0627036094665527
2.0178847312927246
2.0389561653137207
2.0992374420166016
2.0446932315826416
2.05192494392395
2.0501270294189453
2.097299575805664
2.0652379989624023
2.0855002403259277
2.1548354625701904
2.044188976287842
2.1658926010131836
2.2110495567321777
2.126797914505005
2.2631518840789795
2.1797382831573486
2.13085675239563
1.9583762884140015
1.8923752307891846
1.9044580459594727
1.9880911111831665
1.9848964214324951
1.9280239343643188
2.0080926418304443
2.0082991123199463
1.9100457429885864
1.9654234647750854
1.9418340921401978
2.0423288345336914
1.9889411926269531
2.0876827239990234
2.1255757808685303
2.0566837787628174
1.9646425247192383
1.9437600374221802
1.9886356592178345
2.0139317512512207
2.0794973373413086
1.980198860168457
1.9701160192489624
2.0465340614318848
2.1023876667022705
2.057100296020508
2.072847604751587
2.047822952270508
1.9952492713928223
2.0600385665893555
2.1503851413726807
2.123572587966919
2.1306679248809814
2.0551323890686035
2.1311514377593994
2.0542194843292236
1.9823161363601685
1.9540303945541382
1.9719517230987549
1.9330272674560547
2.0408096313476563
2.0863821506500244
2.0906713008880615
1.9871554374694824
1.945330262184143
1.971390724182129
1.955256462097168
1.9353231191635132
1.9092520475387573
1.9072637557983398
1.9274280071258545
1.965222954750061
2.0065386295318604
2.043264627456665
2.1767890453338623
2.1807861328125
2.1342546939849854
2.1495110988616943
2.124931573867798
2.1386306285858154
2.22536039352417
2.198859930038452
2.221912145614624
2.1755151748657227
2.136906623840332
2.1263489723205566
2.1718239784240723
2.1263813972473145
2.070828914642334
2.122772216796875
2.1874258518218994
2.1997601985931396
2.2728703022003174
2.2342727184295654
2.1638405323028564
2.2730393409729004
2.208481788635254
2.3394439220428467
2.2939085960388184
2.3211770057678223
2.324122190475464
2.2993593215942383
2.243314743041992
2.1046981811523438
2.125300407409668
2.1992697715759277
2.072000741958618
2.074065923690796
1.980659008026123
2.0102035999298096
1.9848194122314453
2.1318581104278564
2.1082494258880615
2.1719400882720947
2.112349271774292
2.1340715885162354
2.132817029953003
2.1458585262298584
2.0813214778900146
2.162726640701294
2.141064167022705
2.1876516342163086
2.1342720985412598
2.1054563522338867
2.048992872238159
2.2540504932403564
2.270023822784424
2.3524906635284424
2.329676866531372
2.2973265647888184
2.365034341812134
2.2326555252075195
2.1513288021087646
2.1170661449432373
2.1733734607696533
2.00982403755188
2.091921806335449
2.052492141723633
2.0214180946350098
2.144895553588867
2.2392537593841553
2.1778290271759033
2.1459105014801025
2.1999292373657227
2.162816047668457
2.195464611053467
2.292112350463867
2.196495294570923
2.220752239227295
2.308525562286377
2.2945914268493652
2.3327624797821045
2.2695398330688477
2.1873602867126465
2.202089548110962
2.091968059539795
2.12097430229187
2.1931025981903076
2.1193172931671143
2.173187732696533
2.0602293014526367
2.028754711151123
1.9268258810043335
1.9687973260879517
2.0975983142852783
2.116088628768921
2.139944076538086
2.206498384475708
2.206573724746704
2.2457704544067383
2.271211624145508
2.3325769901275635
2.233882427215576
2.2723617553710938
2.2548182010650635
2.2598142623901367
2.228283166885376
2.2423791885375977
2.2528295516967773
2.253354787826538
2.2333388328552246
2.2662386894226074
2.221925973892212
2.241041421890259
2.2218642234802246
2.3020670413970947
2.177180051803589
2.207827568054199
2.1349070072174072
2.127843141555786
2.196639060974121
2.2056851387023926
2.1785764694213867
2.0897912979125977
2.2291901111602783
2.2009437084198
2.160611867904663
2.1958842277526855
2.2469115257263184
2.151904344558716
2.1584882736206055
2.043261766433716
1.978355884552002
1.9295881986618042
1.9014365673065186
1.9948298931121826
2.0480709075927734
2.081622362136841
2.0008015632629395
2.118459463119507
2.1584222316741943
2.1360158920288086
2.09358549118042
2.1237757205963135
2.172506332397461
2.165431261062622
2.1358001232147217
2.2020955085754395
2.211428642272949
2.1019389629364014
2.098252058029175
2.2271840572357178
2.1450490951538086
2.1041171550750732
2.071931838989258
2.084184169769287
2.1660592555999756
2.141550064086914
2.18216609954834
2.114143133163452
1.9783705472946167
2.097407102584839
2.015350103378296
2.0020029544830322
2.062739849090576
2.1223013401031494
2.134610891342163
2.1515233516693115
2.260347366333008
2.170088768005371
2.150040626525879
2.152940273284912
2.2180891036987305
2.1975746154785156
2.2482309341430664
2.311305046081543
2.191343307495117
2.293954610824585
2.2980387210845947
2.2110888957977295
2.1138863563537598
2.1386284828186035
2.2287542819976807
2.2145822048187256
2.266038656234741
2.2218706607818604
2.2837514877319336
2.2534689903259277
2.215923309326172
2.288424253463745
2.1801517009735107
2.109044313430786
2.2064969539642334
2.3238096237182617
2.1737959384918213
2.130187511444092
2.1411619186401367
2.22969388961792
2.220863103866577
2.277711868286133
2.2128653526306152
2.1877150535583496
2.151305675506592
2.19539475440979
2.2413389682769775
2.0222268104553223
2.0185484886169434
2.07420015335083
2.1197261810302734
2.016853094100952
2.038151741027832
2.0696041584014893
2.2452094554901123
2.168560028076172
2.0973329544067383
2.1546554565429688
2.088970422744751
2.113351345062256
2.169588088989258
2.1876585483551025
2.188459634780884
2.280111789703369
2.1132702827453613
2.0953562259674072
2.0660901069641113
2.002920389175415
2.1119930744171143
2.0987257957458496
2.0814151763916016
2.0819456577301025
2.1700634956359863
2.158064126968384
2.1820030212402344
2.1443233489990234
2.1578474044799805
2.0872626304626465
2.0941431522369385
1.995637059211731
2.007079601287842
1.8458685874938965
1.903312087059021
1.8406119346618652
1.7796152830123901
1.942630410194397
1.892190933227539
1.8632663488388062
1.9417939186096191
1.8868989944458008
1.8919897079467773
1.8211112022399902
1.898834466934204
2.0501246452331543
1.974455714225769
2.1029884815216064
2.1470510959625244
2.030855417251587
2.0277864933013916
1.9436697959899902
1.9124741554260254
1.9296482801437378
1.939042329788208
1.8697153329849243
1.9150911569595337
2.0043866634368896
1.98619544506073
1.929162859916687
2.0122430324554443
1.9883434772491455
1.9729591608047485
1.9893332719802856
1.9077973365783691
1.8478679656982422
1.9090445041656494
1.9015361070632935
1.8928183317184448
1.85822331905365
1.8477401733398438
1.7837730646133423
1.7528549432754517
1.7939060926437378
1.7366384267807007
1.7193996906280518
1.7340751886367798
1.8055166006088257
1.782876968383789
1.8121812343597412
1.784549355506897
1.7583273649215698
1.748998761177063
1.892074704170227
1.9280349016189575
2.094119071960449
2.0414397716522217
1.8701225519180298
1.8750097751617432
1.9150773286819458
1.92589271068573
1.8604382276535034
1.8725285530090332
2.0090489387512207
1.8971656560897827
1.9364749193191528
1.9064112901687622
1.907322883605957
1.891965627670288
1.9931813478469849
1.9820587635040283
1.8173176050186157
1.9068303108215332
1.8448894023895264
1.9124165773391724
1.9379568099975586
1.9039714336395264
1.910735011100769
1.9444009065628052
1.9190212488174438
1.938834547996521
1.9688618183135986
1.8253675699234009
1.8590284585952759
1.8724370002746582
1.980940341949463
1.910237431526184
1.9543612003326416
1.974915862083435
2.008331060409546
1.8892937898635864
1.9539090394973755
1.9320318698883057
1.958541989326477
1.9130083322525024
1.916519045829773
1.9349459409713745
1.8953592777252197
1.8896251916885376
1.9793975353240967
1.9833626747131348
2.001063823699951
2.0051631927490234
2.0038106441497803
2.152351140975952
2.1370458602905273
2.195829153060913
2.055272102355957
2.050011396408081
1.9333372116088867
2.034330368041992
1.9988105297088623
1.947696328163147
1.828940749168396
1.8028676509857178
1.757566213607788
1.8263490200042725
1.802674412727356
1.8823957443237305
1.938774585723877
1.9341782331466675
1.9085577726364136
1.961126446723938
1.9374420642852783
1.9790852069854736
2.0294790267944336
2.0864040851593018
2.2088117599487305
2.13722562789917
2.0603203773498535
2.1660172939300537
2.1392149925231934
2.1718037128448486
2.101480722427368
2.0835721492767334
2.152312994003296
2.2018380165100098
2.0920538902282715
2.0125131607055664
1.9901386499404907
2.037280797958374
1.95648992061615
1.9004477262496948
2.0070102214813232
1.9912586212158203
1.8814144134521484
1.9272775650024414
1.8733221292495728
1.9795070886611938
2.0355539321899414
2.0600061416625977
2.1174631118774414
2.0621838569641113
2.0277740955352783
2.10854434967041
2.1941263675689697
2.1394543647766113
2.128554344177246
2.1001060009002686
2.110428810119629
2.068916082382202
2.0823569297790527
2.043419599533081
2.0380783081054688
2.1782476902008057
2.210235834121704
2.1632490158081055
2.1612131595611572
2.09546160697937
2.0301480293273926
2.038750410079956
1.9536808729171753
2.1085469722747803
2.039368152618408
2.119267463684082
2.0590977668762207
2.0334231853485107
1.9784623384475708
2.114387273788452
2.1801412105560303
2.1677215099334717
2.182875394821167
2.17189621925354
2.154244899749756
2.088472366333008
2.1807491779327393
2.0887420177459717
2.241219997406006
2.266397714614868
2.239217519760132
2.1585590839385986
2.1177895069122314
2.2460131645202637
2.2020294666290283
2.1982667446136475
2.097914457321167
2.0882198810577393
2.2057299613952637
2.14587140083313
2.0787618160247803
2.1068551540374756
2.0617358684539795
2.1689624786376953
2.128715991973877
2.0972909927368164
2.0014796257019043
1.9311362504959106
2.0472443103790283
2.171586751937866
2.0324671268463135
2.0414273738861084
2.066887140274048
2.073106527328491
2.0564584732055664
2.091043710708618
2.1083931922912598
2.1256918907165527
2.125903367996216
2.1052489280700684
2.132730007171631
2.0705349445343018
1.9917491674423218
1.9698047637939453
1.9858882427215576
1.998243808746338
1.979953408241272
1.92117178440094
1.883604884147644
1.9778159856796265
2.023043632507324
2.061169147491455
1.9568322896957397
2.030212879180908
1.9302091598510742
1.9797755479812622
1.9563950300216675
2.024801731109619
2.0293095111846924
2.04876971244812
2.0141844749450684
2.088686466217041
1.9966167211532593
1.9375190734863281
2.041614294052124
2.0519068241119385
1.9697407484054565
2.0135936737060547
2.084758758544922
2.079972982406616
2.0090408325195313
2.0764694213867188
1.9648929834365845
2.055363178253174
1.966579794883728
2.0388035774230957
2.003749370574951
1.9708900451660156
2.0461838245391846
2.0039939880371094
2.0116209983825684
2.0624916553497314
2.1557328701019287
2.110804319381714
2.220588207244873
2.195772171020508
2.2193427085876465
2.1984174251556396
2.2424094676971436
2.2512247562408447
2.3065240383148193
2.3063712120056152
2.416692018508911
2.3564939498901367
2.1562955379486084
2.18163800239563
2.086742877960205
2.0417375564575195
2.0701427459716797
1.9804058074951172
1.9171680212020874
2.024048089981079
1.9974308013916016
2.062211275100708
2.0636062622070313
2.1941487789154053
2.2049500942230225
2.315791606903076
2.383373975753784
2.342463254928589
2.2665669918060303
2.1912615299224854
2.082667112350464
2.0393078327178955
2.1676185131073
2.0908119678497314
2.1032211780548096
2.1460025310516357
2.024080514907837
1.998424768447876
1.9451994895935059
1.967857837677002
2.0015571117401123
2.1779565811157227
2.1558897495269775
2.044088840484619
2.085219621658325
1.995483160018921
1.9000270366668701
1.9468135833740234
1.8502863645553589
1.8125931024551392
1.8296093940734863
1.7922784090042114
1.8007652759552002
1.7906160354614258
1.8319395780563354
1.933638095855713
1.8451708555221558
1.912953495979309
1.9101310968399048
1.9343578815460205
2.0301411151885986
2.016343116760254
2.015885829925537
2.11106276512146
2.0410385131835938
2.0525474548339844
1.9957013130187988
1.8923918008804321
1.9703426361083984
2.04683518409729
2.0332047939300537
2.055333375930786
2.022742509841919
2.0590274333953857
2.156737804412842
2.014007329940796
2.1328837871551514
1.9280951023101807
1.8927299976348877
1.9256864786148071
1.9527567625045776
2.011780261993408
2.026543378829956
2.0759470462799072
1.8917124271392822
1.894493579864502
2.0041279792785645
2.000568389892578
2.10459566116333
2.0101191997528076
1.944000482559204
1.9756778478622437
1.8700917959213257
1.813670039176941
1.8639169931411743
1.920032024383545
1.8944461345672607
1.8977515697479248
1.8312783241271973
1.9442685842514038
1.8594073057174683
1.8985412120819092
1.8906395435333252
1.8875186443328857
1.9888888597488403
2.115522861480713
2.0487747192382813
1.9776725769042969
2.028789758682251
2.0466885566711426
1.9592703580856323
1.9573513269424438
2.1011924743652344
2.0740458965301514
2.026247262954712
2.0261683464050293
2.153569221496582
2.0752527713775635
2.0243940353393555
2.072906970977783
2.1175503730773926
2.115168333053589
2.2016167640686035
2.1815011501312256
2.2463088035583496
2.2618865966796875
2.306304693222046
2.2357685565948486
2.116438627243042
2.187415838241577
2.135594606399536
2.1385366916656494
2.235398769378662
2.0991063117980957
2.1482105255126953
2.0856027603149414
2.04813814163208
2.02712082862854
2.0630970001220703
2.045994520187378
2.100578546524048
2.1044726371765137
2.0682647228240967
2.0367817878723145
2.044372320175171
2.0599801540374756
2.0288119316101074
2.0191996097564697
2.041297197341919
1.997051477432251
1.8851149082183838
2.0379295349121094
2.0749127864837646
2.073122024536133
2.167388916015625
2.058729887008667
2.1120448112487793
2.155216693878174
2.0988223552703857
2.1592609882354736
2.0626578330993652
2.051429033279419
2.031391143798828
1.9556033611297607
2.140113353729248
2.120661973953247
2.111851215362549
2.066438674926758
2.101793050765991
2.071564197540283
1.9765214920043945
2.047875165939331
2.0260181427001953
1.983332872390747
1.9970760345458984
2.132129430770874
2.210092782974243
2.250126838684082
2.244889974594116
2.2663891315460205
2.2187392711639404
2.182748794555664
2.2161593437194824
2.154714345932007
2.1708638668060303
1.9234389066696167
2.189906120300293
2.256056785583496
2.3204214572906494
2.354027271270752
2.3334171772003174
2.2978765964508057
2.282769203186035
2.263134002685547
2.215716600418091
2.2807540893554688
2.22471022605896
2.285991907119751
2.2491681575775146
2.3026282787323
2.302602767944336
2.28350830078125
2.273739814758301
2.1607627868652344
2.1398534774780273
2.1372926235198975
2.139565944671631
2.1915392875671387
2.3268325328826904
2.2800076007843018
2.1906468868255615
2.238210439682007
2.2305524349212646
2.192493438720703
2.2415642738342285
2.2472524642944336
2.17889404296875
2.130032777786255
2.256338596343994
2.1921944618225098
2.1052422523498535
2.084582805633545
2.184053897857666
2.262587547302246
2.128754138946533
2.1092936992645264
2.1097569465637207
2.1274447441101074
2.1310524940490723
1.9612046480178833
2.0897061824798584
2.0664236545562744
1.9945937395095825
1.9427058696746826
2.05641508102417
2.0514016151428223
2.0865533351898193
2.0914692878723145
2.1606531143188477
2.215235471725464
2.2675578594207764
2.236826181411743
2.2895307540893555
2.3479743003845215
2.2908313274383545
2.2839183807373047
2.4288907051086426
2.4623496532440186
2.27485990524292
2.3890297412872314
2.367279052734375
2.395167112350464
2.5269203186035156
2.4304277896881104
2.358882188796997
2.3384900093078613
2.39868426322937
2.3424742221832275
2.306126356124878
2.254047155380249
2.2430882453918457
2.233407735824585
2.2324776649475098
2.1860575675964355
2.202946901321411
2.2439985275268555
2.1426150798797607
2.1575636863708496
2.045567274093628
2.0353708267211914
2.1438729763031006
2.1094186305999756
2.0696423053741455
1.947457194328308
1.9975351095199585
2.0730552673339844
2.0702834129333496
2.071643114089966
2.030010461807251
2.042983293533325
2.0587260723114014
2.0087270736694336
2.085226058959961
2.131221055984497
2.1090734004974365
2.059361219406128
2.1808016300201416
2.1080873012542725
2.0648441314697266
2.0744457244873047
2.035520315170288
2.104037284851074
1.9378550052642822
2.057832956314087
2.155038595199585
2.221320629119873
2.170297861099243
2.288184404373169
2.314378023147583
2.3169775009155273
2.184401512145996
2.190272331237793
2.2459347248077393
2.3558244705200195
2.3563084602355957
2.3368194103240967
2.3499538898468018
2.32416033744812
2.408834457397461
2.425557851791382
2.4203600883483887
2.397176742553711
2.2766306400299072
2.3253321647644043
2.2808034420013428
2.327025890350342
2.3796846866607666
2.3484060764312744
2.364039421081543
2.299388885498047
2.2496323585510254
2.2604033946990967
2.269548177719116
2.1710543632507324
2.2095346450805664
2.1388421058654785
2.154423713684082
2.2760541439056396
2.232546806335449
2.2059412002563477
2.1710867881774902
2.219174385070801
2.1804676055908203
2.153557538986206
2.2022223472595215
2.108036994934082
2.1378366947174072
2.1620171070098877
2.2332918643951416
2.2173473834991455
2.276193380355835
2.3023486137390137
2.3188271522521973
2.3731720447540283
2.3398807048797607
2.2424113750457764
2.2916736602783203
2.288069009780884
2.3009300231933594
2.360032796859741
2.364611864089966
2.333665370941162
2.220740795135498
2.218370199203491
2.2204458713531494
2.249408006668091
2.26762056350708
2.228817939758301
2.2877511978149414
2.3258583545684814
2.3135480880737305
2.3691022396087646
2.230611801147461
2.1627442836761475
2.2982211112976074
2.1879961490631104
2.284217357635498
2.2826502323150635
2.216855049133301
2.1998090744018555
2.215160608291626
2.3259871006011963
2.206651210784912
2.1771676540374756
2.23547625541687
2.162632703781128
2.216313123703003
2.2057719230651855
2.2619924545288086
2.26316237449646
2.2410175800323486
2.197411060333252
2.1979317665100098
2.419619560241699
2.2537410259246826
2.2841219902038574
2.3753886222839355
2.3566133975982666
2.322418451309204
2.3588805198669434
2.394834280014038
2.4177277088165283
2.218074083328247
2.2579457759857178
2.245986223220825
2.2103538513183594
2.4124975204467773
2.395048141479492
2.3717005252838135
2.2619574069976807
2.227299928665161
2.310497283935547
2.280759572982788
2.2387847900390625
2.224135637283325
2.2006783485412598
2.242506504058838
2.2954816818237305
2.1382765769958496
2.2277426719665527
2.1282529830932617
2.183465003967285
2.2143869400024414
2.164016008377075
2.0950679779052734
2.1413135528564453
2.125431537628174
2.128974437713623
2.2189862728118896
2.166557550430298
2.3259897232055664
2.157581329345703
2.2023372650146484
2.187486171722412
2.1571619510650635
2.131619930267334
2.247523546218872
2.2875096797943115
2.153390884399414
2.1640548706054688
2.172316551208496
2.195723056793213
2.1303749084472656
2.213064193725586
2.052557945251465
2.167747974395752
2.0422372817993164
2.155151128768921
2.1230106353759766
2.131610870361328
2.228113889694214
2.241589069366455
2.2490243911743164
2.083176374435425
2.1280248165130615
2.1284241676330566
2.050130844116211
2.089755058288574
2.1372201442718506
2.1401824951171875
2.092617988586426
2.0501112937927246
2.097017765045166
2.105912685394287
2.1235289573669434
2.1111721992492676
2.1754305362701416
2.189737319946289
2.131547212600708
2.23071026802063
2.309946060180664
2.321974754333496
2.3002820014953613
2.3268089294433594
2.311293125152588
2.288381576538086
2.265972375869751
2.26383376121521
2.274082899093628
2.2269062995910645
2.2530832290649414
2.351156234741211
2.3153159618377686
2.168405532836914
2.0172109603881836
2.0754785537719727
2.233278512954712
2.108553171157837
2.121046304702759
2.244553327560425
2.205017566680908
2.0811522006988525
2.058194875717163
2.0841119289398193
2.0793063640594482
2.1285853385925293
2.1407248973846436
2.2094814777374268
2.2029170989990234
2.1930792331695557
2.1324679851531982
2.102973461151123
2.052550792694092
2.0837080478668213
2.1760034561157227
2.1977152824401855
2.185011863708496
2.1752216815948486
2.247344732284546
2.265043020248413
2.273927688598633
2.25101375579834
2.1351287364959717
2.271503448486328
2.258057117462158
2.1689510345458984
2.1965177059173584
2.2381021976470947
2.1773407459259033
2.2216367721557617
2.2091288566589355
2.2727508544921875
2.305582284927368
2.300530195236206
2.2706193923950195
2.1275076866149902
2.174330949783325
2.094578266143799
2.215590000152588
2.3477327823638916
2.3335859775543213
2.3110191822052
2.225594997406006
2.288464307785034
2.281461000442505
2.3285720348358154
2.3566606044769287
2.4322261810302734
2.3211851119995117
2.2627203464508057
2.330989360809326
2.197648763656616
2.2732017040252686
2.288353204727173
2.210090398788452
2.243600368499756
2.212902545928955
2.344830274581909
2.179746150970459
2.1605145931243896
2.169528007507324
2.238867998123169
2.1351025104522705
2.129589080810547
2.120912790298462
2.150428056716919
2.1459739208221436
2.157583713531494
2.2865567207336426
2.2923593521118164
2.201507568359375
2.261213541030884
2.25654935836792
2.2388410568237305
2.2771518230438232
2.285388231277466
2.2449212074279785
2.2279701232910156
2.1971068382263184
2.101586103439331
2.1484997272491455
2.1631994247436523
2.214491128921509
2.1876771450042725
2.1438961029052734
2.121856927871704
2.1581060886383057
2.1570022106170654
2.1740550994873047
2.2412617206573486
2.2567124366760254
2.2426652908325195
2.3027446269989014
2.2257375717163086
2.3288931846618652
2.276992082595825
2.231264114379883
2.310666561126709
2.295013666152954
2.2939188480377197
2.3048255443573
2.2785041332244873
2.2549455165863037
2.288755178451538
2.194347620010376
2.335407018661499
2.3448312282562256
2.340883731842041
2.3671514987945557
2.3777363300323486
2.432893991470337
2.436096429824829
2.426490068435669
2.4482479095458984
2.356353759765625
2.4125006198883057
2.342721939086914
2.2841806411743164
2.3293280601501465
2.3003413677215576
2.279369831085205
2.3181674480438232
2.470005750656128
2.51100492477417
2.4374358654022217
2.460472583770752
2.3521296977996826
2.4035439491271973
2.274122476577759
2.3412349224090576
2.3737077713012695
2.1965317726135254
2.3002560138702393
2.2247018814086914
2.3087756633758545
2.2405922412872314
2.401911735534668
2.2203421592712402
2.215731620788574
2.3166072368621826
2.257652521133423
2.1968564987182617
2.1385226249694824
2.1904778480529785
2.252393960952759
2.340463161468506
2.3971712589263916
2.463958501815796
2.4700093269348145
2.527282238006592
2.5605123043060303
2.550598382949829
2.544849157333374
2.615593671798706
2.642873525619507
2.6651439666748047
2.5876734256744385
2.6133530139923096
2.6118884086608887
2.615015983581543
2.7200093269348145
2.7506535053253174
2.6239874362945557
2.663059949874878
2.6200852394104004
2.496067523956299
2.485767364501953
2.4238195419311523
2.4953227043151855
2.4274590015411377
2.3897488117218018
2.4310519695281982
2.39416766166687
2.336174488067627
2.2374989986419678
2.3902945518493652
2.2856993675231934
2.261446952819824
2.2183890342712402
2.2260243892669678
2.1562631130218506
2.3055694103240967
2.198298931121826
2.2754814624786377
2.324070930480957
2.2690234184265137
2.272355794906616
2.2487995624542236
2.195225715637207
2.320223093032837
2.319397449493408
2.3936173915863037
2.295374870300293
2.3654658794403076
2.3732213973999023
2.4278900623321533
2.4435503482818604
2.3946986198425293
2.3909683227539063
2.4071671962738037
2.396056890487671
2.406069755554199
2.384963035583496
2.4188482761383057
2.3671867847442627
2.420788288116455
2.2404391765594482
2.2794508934020996
2.361506223678589
2.2904040813446045
2.305933952331543
2.3080708980560303
2.1977434158325195
2.2441742420196533
2.2479610443115234
2.2694404125213623
2.2960827350616455
2.2596347332000732
2.2832295894622803
2.511104106903076
2.4637093544006348
2.3956799507141113
2.428396224975586
2.3565473556518555
2.4584569931030273
2.4900500774383545
2.478895902633667
2.5229854583740234
2.4908018112182617
2.477407693862915
2.445188522338867
2.5353386402130127
2.5167765617370605
2.543499231338501
2.567530393600464
2.597778797149658
2.568737506866455
2.4849460124969482
2.4446816444396973
2.4726474285125732
2.509371042251587
2.553358316421509
2.479717254638672
2.4996654987335205
2.4931399822235107
2.599210023880005
2.498750686645508
2.5442752838134766
2.5015676021575928
2.4089295864105225
2.414280652999878
2.4571142196655273
2.560018301010132
2.434828281402588
2.439758777618408
2.469231605529785
2.4503414630889893
2.4011757373809814
2.4363577365875244
2.4732441902160645
2.396536111831665
2.4201107025146484
2.538682222366333
2.504340887069702
2.455254554748535
2.5165960788726807
2.5499377250671387
2.530979633331299
2.679494857788086
2.650953769683838
2.584749698638916
2.6149303913116455
2.528893232345581
2.506011486053467
2.514439582824707
2.5174624919891357
2.438354015350342
2.4155113697052
2.561864137649536
2.5946645736694336
2.6980533599853516
2.64302921295166
2.7781269550323486
2.8166427612304688
2.7965612411499023
2.7589430809020996
2.659050226211548
2.7277064323425293
2.5545687675476074
2.5431101322174072
2.589162588119507
2.6842339038848877
2.5925676822662354
2.578619956970215
2.5972325801849365
2.603825092315674
2.520024538040161
2.5985171794891357
2.599320888519287
2.5878548622131348
2.660080671310425
2.589632511138916
2.536006212234497
2.483163356781006
2.4384655952453613
2.355867862701416
2.4391531944274902
2.3549113273620605
2.397982358932495
2.5113165378570557
2.6195297241210938
2.606961727142334
2.5293166637420654
2.500720977783203
2.583026170730591
2.5764667987823486
2.5656111240386963
2.502446174621582
2.4866042137145996
2.504098892211914
2.5407962799072266
2.564006805419922
2.649043083190918
2.5607693195343018
2.4699089527130127
2.477390766143799
2.5256056785583496
2.5009572505950928
2.5159995555877686
2.484515905380249
2.518425226211548
2.416531562805176
2.334578275680542
2.485184669494629
2.3724098205566406
2.4105722904205322
2.3426413536071777
2.4202816486358643
2.4869167804718018
2.4342150688171387
2.459123134613037
2.380338191986084
2.3394150733947754
2.3461203575134277
2.4030418395996094
2.3083176612854004
2.4417991638183594
2.5008606910705566
2.429781675338745
2.438551187515259
2.4556877613067627
2.563870668411255
2.5295374393463135
2.5440847873687744
2.6035525798797607
2.6378774642944336
2.710935115814209
2.677366256713867
2.5941498279571533
2.595005512237549
2.6202666759490967
2.6104023456573486
2.5280909538269043
2.5829949378967285
2.687384843826294
2.5854523181915283
2.580488920211792
2.4926087856292725
2.554070234298706
2.5746026039123535
2.651989698410034
2.5316944122314453
2.614818572998047
2.7508859634399414
2.795875072479248
2.8382551670074463
2.7811074256896973
2.622330904006958
2.648496627807617
2.5857629776000977
2.6799726486206055
2.6492528915405273
2.660914421081543
2.5997369289398193
2.6000161170959473
2.533625364303589
2.6013717651367188
2.6176555156707764
2.4500598907470703
2.4601118564605713
2.474113941192627
2.437655448913574
2.4281134605407715
2.512786865234375
2.55471134185791
2.4878580570220947
2.5441677570343018
2.549833059310913
2.5816211700439453
2.5926742553710938
2.5844054222106934
2.689903736114502
2.496453285217285
2.483163833618164
2.469778537750244
2.39943528175354
2.3152213096618652
2.434288501739502
2.3378915786743164
2.3935248851776123
2.5101897716522217
2.472787857055664
2.5235302448272705
2.5337796211242676
2.5091493129730225
2.5080533027648926
2.5596566200256348
2.550278902053833
2.512596845626831
2.4346940517425537
2.4855880737304688
2.5158517360687256
2.552311897277832
2.5884909629821777
2.4619228839874268
2.5666537284851074
2.4835822582244873
2.4019598960876465
2.607362747192383
2.590163469314575
2.5448100566864014
2.5476300716400146
2.6526641845703125
2.5612802505493164
2.624190092086792
2.5723063945770264
2.4815444946289063
2.5207364559173584
2.4140093326568604
2.3689610958099365
2.4184679985046387
2.456697702407837
2.5445139408111572
2.55749249458313
2.553013563156128
2.4751944541931152
2.5837531089782715
2.4542856216430664
2.427201747894287
2.299875259399414
2.449707508087158
2.3797619342803955
2.3067023754119873
2.306556463241577
2.2970118522644043
2.36763334274292
2.4801175594329834
2.4647631645202637
2.3979103565216064
2.529569625854492
2.377152919769287
2.3929519653320313
2.4337759017944336
2.4614298343658447
2.6108407974243164
2.576228380203247
2.6079049110412598
2.482224941253662
2.520500659942627
2.4867985248565674
2.440941572189331
2.472102403640747
2.532935380935669
2.557218551635742
2.435919761657715
2.491542100906372
2.450038194656372
2.314216136932373
2.376972198486328
2.382391929626465
2.4177920818328857
2.4344725608825684
2.3783698081970215
2.3617541790008545
2.3874425888061523
2.46515154838562
2.5239360332489014
2.4658615589141846
2.522939920425415
2.579850196838379
2.426919460296631
2.3886775970458984
2.329885959625244
2.3712356090545654
2.4182889461517334
2.408378839492798
2.4295568466186523
2.4182450771331787
2.3843371868133545
2.4021100997924805
2.466346502304077
2.4096429347991943
2.4283385276794434
2.4737987518310547
2.477627754211426
2.5054590702056885
2.4984655380249023
2.443946123123169
2.4482805728912354
2.3505196571350098
2.479206085205078
2.476576566696167
2.4868414402008057
2.511894702911377
2.489231586456299
2.4270434379577637
2.4777047634124756
2.4683661460876465
2.5379395484924316
2.5766732692718506
2.633167266845703
2.5496528148651123
2.5427086353302
2.4712324142456055
2.463320016860962
2.4776437282562256
2.4522228240966797
2.483675003051758
2.473876953125
2.4968926906585693
2.4939868450164795
2.4112751483917236
2.3752503395080566
2.4629223346710205
2.4951283931732178
2.4537529945373535
2.4685616493225098
2.4796535968780518
2.4885735511779785
2.444277763366699
2.40301513671875
2.465635299682617
2.47784423828125
2.4559738636016846
2.4864730834960938
2.397352933883667
2.3682217597961426
2.3673341274261475
2.3995301723480225
2.2894153594970703
2.4305524826049805
2.3551673889160156
2.410916328430176
2.338881015777588
2.413012981414795
2.3190646171569824
2.3209502696990967
2.270484447479248
2.3041086196899414
2.312782049179077
2.345890998840332
2.357088804244995
2.32143497467041
2.176128387451172
2.233377695083618
2.2754197120666504
2.198922634124756
2.224661111831665
2.1694257259368896
2.3275558948516846
2.3129775524139404
2.3455355167388916
2.288729190826416
2.2220423221588135
2.224597930908203
2.352213144302368
2.227766513824463
2.212160348892212
2.2344419956207275
2.3196678161621094
2.349731922149658
2.273653268814087
2.224865436553955
2.2452738285064697
2.2337489128112793
2.294121265411377
2.2245430946350098
2.372617244720459
2.2739014625549316
2.3287301063537598
2.4135982990264893
2.420186758041382
2.3884847164154053
2.42275071144104
2.380932331085205
2.510301351547241
2.4262921810150146
2.337641477584839
2.3160948753356934
2.324035167694092
2.2712395191192627
2.226097345352173
2.33400559425354
2.337942123413086
2.2920339107513428
2.3092212677001953
2.2873787879943848
2.2788820266723633
2.3942415714263916
2.3749852180480957
2.258734941482544
2.3127942085266113
2.376633644104004
2.360858678817749
2.3467626571655273
2.2860987186431885
2.3001625537872314
2.4189889430999756
2.3716394901275635
2.4503490924835205
2.4081504344940186
2.5364866256713867
2.449083089828491
2.383155107498169
2.3291900157928467
2.392202854156494
2.3484010696411133
2.424514055252075
2.4498040676116943
2.340888500213623
2.299561023712158
2.207456350326538
2.2123754024505615
2.239518880844116
2.3117244243621826
2.312534809112549
2.408856153488159
2.286245346069336
2.314631223678589
2.3395795822143555
2.3222758769989014
2.2983310222625732
2.3547253608703613
2.3779566287994385
2.313905954360962
2.3908023834228516
2.4027912616729736
2.4088151454925537
2.4019339084625244
2.317652940750122
2.378030776977539
2.3706214427948
2.3967673778533936
2.4626317024230957
2.4311959743499756
2.477210760116577
2.413719654083252
2.4643189907073975
2.511631488800049
2.552823066711426
2.4547441005706787
2.4830780029296875
2.356079339981079
2.5106093883514404
2.556952953338623
2.4935619831085205
2.529226779937744
2.5227346420288086
2.5792293548583984
2.6254446506500244
2.5523321628570557
2.462322235107422
2.5061137676239014
2.5214366912841797
2.41955304145813
2.4709253311157227
2.295452356338501
2.355070114135742
2.31939959526062
2.277287006378174
2.390275478363037
2.485438108444214
2.4447505474090576
2.372257709503174
2.384474277496338
2.3393936157226563
2.285778284072876
2.3097116947174072
2.2428064346313477
2.266951560974121
2.2088518142700195
2.19419264793396
2.227903366088867
2.2510170936584473
2.202634334564209
2.2587785720825195
2.29730224609375
2.256316900253296
2.237995147705078
2.346006155014038
2.3920066356658936
2.327009439468384
2.3435206413269043
2.422095775604248
2.3344669342041016
2.271972894668579
2.2486486434936523
2.315847635269165
2.3075363636016846
2.2839980125427246
2.2982170581817627
2.4081578254699707
2.35723614692688
2.453617811203003
2.3422162532806396
2.330124855041504
2.356221914291382
2.2837369441986084
2.2822322845458984
2.140366554260254
2.213794469833374
2.258422374725342
2.2685494422912598
2.3005778789520264
2.308687210083008
2.4210877418518066
2.3823344707489014
2.3327536582946777
2.309971809387207
2.162229537963867
2.3469812870025635
2.3575093746185303
2.3426976203918457
2.2616567611694336
2.327126979827881
2.2551040649414063
2.2256922721862793
2.2128517627716064
2.1718637943267822
2.1993699073791504
2.233111619949341
2.2562170028686523
2.4067182540893555
2.4757046699523926
2.387446641921997
2.447314977645874
2.430372953414917
2.449967622756958
2.3880796432495117
2.365525960922241
2.306580066680908
2.300086498260498
2.2173306941986084
2.328411340713501
2.352325201034546
2.3719189167022705
2.3565356731414795
2.4762001037597656
2.408738374710083
2.4322714805603027
2.4517226219177246
2.428598165512085
2.5108659267425537
2.488744020462036
2.3522799015045166
2.4956424236297607
2.4924259185791016
2.5102601051330566
2.4843485355377197
2.531416416168213
2.620389223098755
2.606576681137085
2.539538860321045
2.479686737060547
2.4764630794525146
2.5137603282928467
2.43001127243042
2.466897964477539
2.506399154663086
2.4850330352783203
2.4742631912231445
2.4700114727020264
2.5065908432006836
2.481354236602783
2.453566074371338
2.5246939659118652
2.44801926612854
2.444046974182129
2.4975745677948
2.5345704555511475
2.5262460708618164
2.4373691082000732
2.4859845638275146
2.3767991065979004
2.5016345977783203
2.4327855110168457
2.3300530910491943
2.4158778190612793
2.4048075675964355
2.427522659301758
2.464958667755127
2.3041274547576904
2.35150408744812
2.379228353500366
2.4891927242279053
2.392777919769287
2.4188106060028076
2.497981071472168
2.4315507411956787
2.4559195041656494
2.448432445526123
2.48826003074646
2.419252395629883
2.4953560829162598
2.4337637424468994
2.3598875999450684
2.2657268047332764
2.149007797241211
2.2124898433685303
2.20692777633667
2.178504467010498
2.1178102493286133
2.199448585510254
2.164796829223633
2.2461633682250977
2.2940688133239746
2.2185921669006348
2.1863536834716797
2.157970428466797
2.2528700828552246
2.2549288272857666
2.145824909210205
2.2538788318634033
2.2800281047821045
2.3118326663970947
2.369223117828369
2.3584516048431396
2.3805196285247803
2.363219738006592
2.3922970294952393
2.3443408012390137
2.417673349380493
2.357830286026001
2.346951723098755
2.33412766456604
2.306410312652588
2.3024253845214844
2.2359986305236816
2.2424399852752686
2.311058759689331
2.3135879039764404
2.334160804748535
2.2968993186950684
2.249593734741211
2.3434627056121826
2.3650362491607666
2.444275140762329
2.3833768367767334
2.350092887878418
2.456291437149048
2.413543224334717
2.410472869873047
2.420132637023926
2.4610097408294678
2.3385732173919678
2.3895633220672607
2.296172857284546
2.332655906677246
2.334135055541992
2.33101487159729
2.3735783100128174
2.4403462409973145
2.3441321849823
2.294541597366333
2.26222562789917
2.1997032165527344
2.1573071479797363
2.2249443531036377
2.167546033859253
2.252830743789673
2.2324869632720947
2.277184009552002
2.2073464393615723
2.3121721744537354
2.3627028465270996
2.419801712036133
2.2334251403808594
2.4168436527252197
2.3211116790771484
2.313917875289917
2.277393102645874
2.271056652069092
2.166287660598755
2.2203915119171143
2.2407889366149902
2.293318033218384
2.3036320209503174
2.3110835552215576
2.3201522827148438
2.31309175491333
2.254073143005371
2.262164354324341
2.225015878677368
2.2174501419067383
2.321359395980835
2.3758978843688965
2.3364429473876953
2.225769519805908
2.280806064605713
2.220888614654541
2.267772674560547
2.355591297149658
2.278655767440796
2.182981491088867
2.277195453643799
2.2685368061065674
2.327468156814575
2.2676756381988525
2.2740259170532227
2.179811954498291
2.3557310104370117
