0.9147214293479919
1.0512454509735107
1.085913062095642
1.171027421951294
1.4904534816741943
1.4687609672546387
1.696382761001587
1.8543627262115479
1.7934749126434326
1.5653645992279053
1.5387142896652222
1.9293545484542847
1.8173390626907349
1.778907299041748
1.7084593772888184
1.9402462244033813
1.7449406385421753
1.4022375345230103
1.6121608018875122
1.2487752437591553
1.3873778581619263
1.3078137636184692
1.2692956924438477
1.2528713941574097
1.3800383806228638
1.3943694829940796
1.2462732791900635
1.2951960563659668
1.3049468994140625
1.2144314050674438
1.285627841949463
1.4719867706298828
1.4884235858917236
1.6153373718261719
1.4871426820755005
1.4474362134933472
1.5719985961914063
1.7761363983154297
1.6469204425811768
1.778324007987976
1.8094050884246826
1.8008592128753662
1.504210352897644
1.8013616800308228
2.0622916221618652
1.880207896232605
2.1187238693237305
1.9903664588928223
1.837238073348999
1.6795626878738403
1.9799805879592896
2.011009454727173
1.5477181673049927
1.3599141836166382
1.4082489013671875
1.3159767389297485
1.5877009630203247
1.4775127172470093
1.3830069303512573
1.4514487981796265
1.5787550210952759
1.6853727102279663
1.682868480682373
1.7529631853103638
1.687901496887207
1.7038850784301758
1.8106681108474731
1.9321602582931519
1.7530584335327148
1.6055035591125488
1.7055565118789673
1.6173298358917236
1.6874836683273315
1.756879210472107
1.5751179456710815
1.8407620191574097
1.780290126800537
1.685541033744812
1.8607836961746216
1.8835488557815552
1.84112548828125
1.9337711334228516
1.9219794273376465
1.7239700555801392
1.6423929929733276
1.7241318225860596
1.515427827835083
1.753835678100586
1.7282096147537231
1.6162669658660889
1.6127163171768188
1.6369949579238892
1.5818803310394287
1.5452839136123657
1.7264825105667114
1.8598582744598389
2.029982566833496
2.0996851921081543
1.9729622602462769
1.9300369024276733
2.0590426921844482
2.2301690578460693
2.06734561920166
1.8757011890411377
1.7162210941314697
1.8253775835037231
1.7258672714233398
1.7412731647491455
2.0956532955169678
2.249115228652954
2.227501392364502
2.0220792293548584
2.367936372756958
2.2979907989501953
2.2341461181640625
2.121926784515381
2.2839431762695313
2.370932102203369
2.2776644229888916
2.3886380195617676
2.510756015777588
2.57603120803833
2.300609827041626
2.442378044128418
2.6207096576690674
2.633535623550415
2.752609968185425
2.835909605026245
2.8952877521514893
2.5588550567626953
2.8350648880004883
3.1314542293548584
2.9683122634887695
2.9104859828948975
2.9035277366638184
2.9880073070526123
2.8256328105926514
2.476727247238159
2.8281216621398926
2.834939956665039
2.766944408416748
2.7955260276794434
2.7711122035980225
2.834892511367798
2.4350476264953613
2.1523678302764893
2.150548219680786
2.2894625663757324
2.305692434310913
2.1962735652923584
2.259357452392578
2.2051327228546143
2.4371211528778076
2.3471484184265137
2.4316318035125732
2.371081829071045
2.1411924362182617
2.1657559871673584
2.2627413272857666
2.25132155418396
2.2056455612182617
2.1494393348693848
2.153287410736084
2.204707384109497
1.9949296712875366
2.054642677307129
2.1614794731140137
2.1611506938934326
2.2477285861968994
2.0208687782287598
2.114193916320801
2.322187900543213
2.192221164703369
1.9928823709487915
2.1566038131713867
2.2620537281036377
2.307117223739624
2.14962100982666
2.541017532348633
2.2386457920074463
2.4879796504974365
2.5300981998443604
2.4639992713928223
2.36226749420166
2.4115848541259766
2.3888885974884033
2.345661163330078
2.2332262992858887
2.126269578933716
2.2374744415283203
2.170457124710083
2.164302349090576
2.060612678527832
2.1686041355133057
2.1981680393218994
2.0535995960235596
2.173908233642578
2.5147831439971924
2.408531904220581
2.41255259513855
2.1921660900115967
2.2166457176208496
2.1423096656799316
2.1703639030456543
2.0467140674591064
2.057929754257202
2.177151918411255
2.104532241821289
2.027148962020874
2.2152228355407715
2.312614679336548
2.3230085372924805
2.1666622161865234
2.074302911758423
2.0265274047851563
2.048572063446045
2.3011415004730225
2.2716290950775146
2.126901865005493
2.0072426795959473
1.8582303524017334
2.029484748840332
2.3066983222961426
2.1956582069396973
2.0104730129241943
1.9863572120666504
2.244049310684204
1.9825122356414795
2.2118897438049316
1.9822551012039185
1.8221209049224854
2.223691463470459
2.242764711380005
2.4345192909240723
2.365417242050171
2.329637050628662
2.31913423538208
2.3811466693878174
2.473205327987671
2.397303581237793
2.484703540802002
2.407045841217041
2.0634145736694336
2.307906150817871
2.357830286026001
2.161709785461426
2.365680694580078
2.34761643409729
2.223762035369873
2.3226633071899414
2.2152812480926514
2.1937220096588135
2.2275917530059814
2.354438304901123
2.3034377098083496
2.261718988418579
2.2015111446380615
2.086202621459961
2.1481711864471436
2.059670925140381
2.131983757019043
1.949597716331482
1.914581060409546
1.9969323873519897
1.910956621170044
1.9954382181167603
2.090923547744751
2.194366693496704
2.1353373527526855
2.1406617164611816
2.217510223388672
2.0606300830841064
1.8525402545928955
1.9312654733657837
2.04937744140625
2.2815370559692383
2.1749207973480225
1.8840898275375366
1.7735258340835571
2.040999412536621
2.2469446659088135
1.9123594760894775
2.014120101928711
2.1491119861602783
1.9769604206085205
2.0103530883789063
2.040215015411377
1.8845597505569458
2.0187575817108154
2.038952589035034
2.139047861099243
1.9931812286376953
2.1249778270721436
2.1002516746520996
2.0323822498321533
2.16312575340271
2.142103433609009
2.079700469970703
2.051197052001953
2.0125136375427246
1.9966522455215454
1.969754934310913
1.9554736614227295
2.1274611949920654
1.9681801795959473
2.0608856678009033
2.0876035690307617
2.2544102668762207
2.1991195678710938
2.339663505554199
2.3241207599639893
2.250858783721924
2.2475204467773438
2.4925780296325684
2.471792221069336
2.3361802101135254
2.284956932067871
2.114773988723755
2.5768749713897705
2.3255465030670166
2.2101659774780273
2.0720088481903076
2.0710577964782715
2.074160099029541
1.9485009908676147
1.8792064189910889
2.0951619148254395
2.0248970985412598
2.227020263671875
2.4169116020202637
2.365570306777954
2.288360357284546
2.3695573806762695
2.2909884452819824
2.3312575817108154
2.1306846141815186
2.3387975692749023
2.261425733566284
2.1777915954589844
2.3210506439208984
2.3255650997161865
2.234659433364868
2.301025629043579
2.334251642227173
2.5568699836730957
2.490050792694092
2.3091673851013184
2.3914058208465576
2.193563461303711
2.5173611640930176
2.5486671924591064
2.386972188949585
2.1677026748657227
2.2121493816375732
2.2192227840423584
2.2714133262634277
2.3872053623199463
2.240187644958496
2.347670555114746
2.195068597793579
2.0857980251312256
2.107386350631714
2.0590083599090576
2.3715462684631348
2.3603317737579346
2.1391284465789795
2.1565585136413574
1.9015542268753052
1.8945320844650269
1.9006277322769165
1.8603575229644775
1.895078182220459
2.226883888244629
2.213052988052368
2.3704874515533447
2.4356470108032227
2.4350504875183105
2.4362335205078125
2.3299670219421387
2.4120967388153076
2.523503303527832
2.3057897090911865
2.1336019039154053
2.416757345199585
2.3442485332489014
2.549687623977661
2.365398645401001
1.9372377395629883
2.125074863433838
1.961606740951538
1.9718276262283325
1.9371830224990845
1.9878982305526733
1.9545345306396484
2.2049953937530518
1.9824014902114868
1.8940030336380005
2.251728057861328
2.043928861618042
2.0209643840789795
2.186903953552246
2.394653797149658
2.330509662628174
2.215137481689453
2.2668983936309814
2.1912896633148193
2.251645565032959
2.248931884765625
2.053018808364868
2.0177385807037354
2.1201395988464355
2.2318735122680664
1.8931868076324463
1.7070848941802979
1.920127034187317
1.9909511804580688
1.990500569343567
1.893823266029358
2.1110854148864746
1.8722004890441895
1.8799033164978027
1.700804352760315
1.5337235927581787
1.5245404243469238
1.7141844034194946
1.6850606203079224
1.6754388809204102
1.741831660270691
1.4173165559768677
1.5064367055892944
1.5214780569076538
1.5450565814971924
1.4727439880371094
1.497670292854309
1.6626744270324707
1.7493126392364502
1.7780277729034424
1.6918822526931763
1.6946510076522827
1.9186457395553589
1.874346375465393
1.9931650161743164
1.959466814994812
1.8227943181991577
1.8338595628738403
1.62638521194458
1.9066811800003052
2.12566876411438
1.8051557540893555
1.7565968036651611
1.7117527723312378
1.591899037361145
1.5320254564285278
1.520783543586731
1.9442214965820313
1.8730697631835938
1.8809088468551636
1.755374789237976
1.7729772329330444
1.7799535989761353
1.8372689485549927
1.4937056303024292
1.5725218057632446
1.5001354217529297
1.490844964981079
1.7011535167694092
1.5650277137756348
1.4283647537231445
1.650705337524414
1.8448107242584229
1.750016450881958
1.7517293691635132
1.894815444946289
1.746733546257019
1.600597620010376
1.659683346748352
1.7059208154678345
1.6827946901321411
1.7230867147445679
1.5696405172348022
1.6630975008010864
1.7148609161376953
1.8382654190063477
1.8638075590133667
1.8083534240722656
2.0501434803009033
2.163559913635254
2.2225942611694336
2.099440813064575
2.312372922897339
2.286151647567749
2.3371188640594482
2.381458282470703
2.6300323009490967
2.5662894248962402
2.5117456912994385
2.240144729614258
2.4120144844055176
2.370840072631836
2.346280813217163
2.207969903945923
2.300664186477661
2.239462375640869
2.105250120162964
2.1279613971710205
2.152646064758301
2.1729886531829834
1.883767008781433
2.079662799835205
2.10154128074646
2.08716082572937
2.1698241233825684
2.2068092823028564
2.264191150665283
2.2829322814941406
2.3694639205932617
2.364846706390381
2.200340509414673
2.30788254737854
2.2184553146362305
2.301945209503174
2.5454354286193848
2.446375608444214
2.6785590648651123
2.6630640029907227
2.346057891845703
2.4962568283081055
2.389549732208252
2.5196304321289063
2.2365524768829346
2.5301692485809326
2.239248514175415
2.226304054260254
2.1232211589813232
2.141404151916504
1.884922981262207
1.5957189798355103
1.7263891696929932
1.7977102994918823
1.934718370437622
2.0257318019866943
2.140620470046997
1.829007625579834
2.120076894760132
1.7314958572387695
1.6917411088943481
1.7421971559524536
1.4865429401397705
1.6131449937820435
1.6136151552200317
1.880767583847046
1.8223272562026978
1.6924550533294678
1.5327073335647583
1.5543054342269897
1.7645975351333618
1.8502272367477417
1.8157522678375244
2.0648508071899414
2.1407618522644043
2.1602132320404053
2.2431111335754395
2.535398483276367
2.453220844268799
2.6281895637512207
2.80680251121521
3.0601372718811035
3.0843303203582764
2.940962791442871
2.8955016136169434
2.850154161453247
2.807746648788452
2.841294288635254
2.828141450881958
2.99824595451355
2.6341564655303955
2.525247097015381
2.3890910148620605
2.4315009117126465
2.8323280811309814
2.5359983444213867
2.7015557289123535
2.9566190242767334
2.788914680480957
3.038151264190674
3.1232104301452637
3.2440826892852783
2.8778014183044434
3.1346192359924316
3.02817702293396
2.8576290607452393
2.561100959777832
2.998129367828369
3.271350622177124
3.204406261444092
3.0642271041870117
2.693596363067627
2.926020383834839
2.770890712738037
2.7265982627868652
2.8152449131011963
2.6493117809295654
2.459099054336548
2.422794818878174
2.55257511138916
2.1180810928344727
2.419224262237549
2.4550395011901855
2.310086488723755
2.2571427822113037
2.1790857315063477
2.320711851119995
2.4176344871520996
2.6778130531311035
2.468499183654785
2.4134533405303955
2.410081624984741
2.1707777976989746
2.121220588684082
2.0210931301116943
2.064203977584839
2.0303633213043213
2.1743741035461426
2.285828113555908
2.126025438308716
2.3941333293914795
2.3081915378570557
2.3567216396331787
2.336094856262207
2.4698100090026855
1.85988450050354
1.8744544982910156
1.9330060482025146
1.9790319204330444
2.1322007179260254
1.9884926080703735
1.9997010231018066
1.9551126956939697
2.0005335807800293
1.807140588760376
2.0803706645965576
1.9439131021499634
1.9885998964309692
2.23667573928833
2.1818740367889404
2.4084365367889404
2.0238735675811768
1.9850918054580688
2.261085271835327
2.3737475872039795
2.121758222579956
2.300483465194702
2.3433408737182617
2.4230222702026367
2.4000587463378906
2.4420382976531982
2.6702330112457275
2.751882314682007
2.885577917098999
2.8757314682006836
3.0749199390411377
3.0844266414642334
2.992587089538574
2.9460833072662354
2.777313709259033
2.694145441055298
2.8632543087005615
2.564537286758423
2.444819450378418
2.351031541824341
2.4650216102600098
3.0483224391937256
3.0214946269989014
2.693995475769043
2.664923667907715
2.7812438011169434
2.8443925380706787
2.7964701652526855
2.8910911083221436
2.923536539077759
2.7404417991638184
2.9322597980499268
2.6924753189086914
2.865021228790283
2.7562639713287354
2.7799549102783203
2.7776169776916504
2.7654364109039307
2.91213059425354
2.814950942993164
3.0050694942474365
2.747157573699951
2.627764940261841
2.5143840312957764
2.347792387008667
2.5799872875213623
2.4899020195007324
2.2196152210235596
2.491156816482544
2.4937117099761963
2.2567152976989746
2.322377920150757
2.1835501194000244
2.233328342437744
2.2777910232543945
2.1410136222839355
2.1079626083374023
2.0461084842681885
2.1257755756378174
2.2302000522613525
2.533302068710327
2.6822011470794678
2.6531307697296143
2.5917270183563232
2.49477481842041
2.59067964553833
2.4987258911132813
2.4554784297943115
2.4096250534057617
2.1927475929260254
1.945273756980896
2.238351821899414
2.3103365898132324
2.329808473587036
2.148566961288452
2.2151107788085938
2.370436906814575
2.4846818447113037
2.124877691268921
2.0983314514160156
2.216294288635254
2.2352542877197266
2.1140573024749756
1.8380348682403564
1.839430809020996
2.058217763900757
1.8635284900665283
1.581483006477356
1.9213820695877075
1.7326594591140747
2.0263001918792725
2.0662012100219727
2.1615560054779053
1.8862254619598389
2.059583902359009
2.1197869777679443
2.114424228668213
2.347167730331421
2.2147538661956787
2.3636012077331543
2.395296335220337
2.2992196083068848
2.2984912395477295
2.574488878250122
2.5103542804718018
2.396450996398926
2.106579303741455
2.377415418624878
2.6287713050842285
2.471222400665283
2.4021220207214355
2.35172176361084
2.490924835205078
2.54206919670105
2.682694911956787
2.5529768466949463
2.7549290657043457
2.3409621715545654
2.326655864715576
2.3322274684906006
2.165269136428833
2.102992534637451
2.165929079055786
2.143038511276245
2.1759653091430664
2.153848886489868
2.022796869277954
2.1880431175231934
2.11576771736145
2.101285696029663
2.3144776821136475
2.0803964138031006
2.0922226905822754
2.267991781234741
2.2307651042938232
2.2764227390289307
2.380805015563965
2.3842945098876953
2.156418800354004
2.2994468212127686
2.4384701251983643
2.3686578273773193
2.298213005065918
2.0752885341644287
2.022709846496582
2.176323175430298
2.138826608657837
1.9791216850280762
2.3685107231140137
2.311945676803589
2.3471789360046387
2.263577461242676
1.9970262050628662
2.1926214694976807
1.8974541425704956
1.9828929901123047
1.8338072299957275
1.786135196685791
1.5913746356964111
1.6368038654327393
1.9707887172698975
1.840692400932312
2.1174347400665283
2.2925071716308594
2.042349100112915
2.097071647644043
2.1818251609802246
1.945877194404602
1.7394286394119263
1.806240200996399
2.110586643218994
2.13397216796875
2.0193941593170166
1.8295902013778687
1.8424265384674072
1.883466124534607
2.1274027824401855
2.08396053314209
1.9768117666244507
1.853816032409668
2.092895984649658
2.2885935306549072
2.3150887489318848
2.255263566970825
2.186783790588379
2.4003853797912598
2.6279337406158447
2.4333584308624268
2.3404526710510254
2.13897705078125
2.341478109359741
2.2313551902770996
2.2578608989715576
2.2432773113250732
2.0685441493988037
2.2913975715637207
2.3125269412994385
2.466453790664673
2.528324842453003
2.3811793327331543
2.8402206897735596
2.811338424682617
2.6681201457977295
2.63496732711792
2.633226156234741
2.5892550945281982
2.426396608352661
2.2579846382141113
2.397077798843384
2.0530359745025635
2.1730353832244873
2.3740999698638916
2.401613235473633
2.327609062194824
2.5491576194763184
2.4302361011505127
2.2996623516082764
2.1882472038269043
2.1376616954803467
2.0997867584228516
1.8795511722564697
2.257909059524536
2.190870761871338
2.2240147590637207
2.361757516860962
2.119690179824829
2.3494389057159424
2.272707223892212
2.2638723850250244
2.05612850189209
2.2815358638763428
1.9171637296676636
2.153399705886841
2.0095064640045166
1.9910138845443726
2.1294517517089844
2.1944985389709473
2.25480318069458
2.12392258644104
2.03967547416687
1.964286208152771
2.2808001041412354
2.199225664138794
2.506937265396118
2.313162326812744
2.267256736755371
2.4219930171966553
2.1176340579986572
2.3172338008880615
2.232313632965088
2.4346163272857666
2.5700910091400146
2.4685089588165283
2.6130568981170654
2.5164012908935547
2.5598697662353516
2.7406740188598633
2.59590744972229
2.5559253692626953
2.6463942527770996
2.6651113033294678
2.5299694538116455
2.7262496948242188
2.6916534900665283
2.289891004562378
2.302003860473633
2.326028347015381
2.3007311820983887
2.022768497467041
2.246453285217285
2.3116211891174316
2.236548900604248
2.41453218460083
2.395599365234375
2.404662609100342
2.19714093208313
2.487993001937866
2.6455345153808594
2.3845503330230713
2.553144693374634
2.431661605834961
2.4343390464782715
2.600806951522827
2.510221004486084
2.290868043899536
2.098036527633667
2.2902846336364746
2.123969078063965
2.1297812461853027
2.156918525695801
2.0825414657592773
2.403331756591797
2.309889316558838
2.133397340774536
2.1000537872314453
2.0431339740753174
2.0354490280151367
2.114241600036621
2.1583712100982666
2.2978591918945313
2.061713457107544
2.129180908203125
2.2598867416381836
2.33065128326416
2.28610897064209
2.1438190937042236
2.250692129135132
2.3134589195251465
2.0384817123413086
2.0209550857543945
1.9675344228744507
1.993449091911316
2.0684919357299805
2.1601271629333496
2.1394076347351074
2.103403091430664
2.0487308502197266
2.3953635692596436
2.628589391708374
2.481637954711914
2.2021992206573486
2.126983642578125
2.1585371494293213
1.9284601211547852
2.4597558975219727
2.450798749923706
2.2418079376220703
2.373684883117676
2.7180211544036865
2.487114667892456
2.3019909858703613
2.4645910263061523
2.2269446849823
2.1473398208618164
2.2133219242095947
2.4485881328582764
2.4107797145843506
2.5933620929718018
2.420088529586792
2.451913833618164
2.3627853393554688
1.966808557510376
2.1824512481689453
2.466343402862549
2.6849045753479004
2.4538304805755615
2.476048231124878
2.316312313079834
2.4168736934661865
2.499781370162964
2.4920501708984375
2.239910364151001
2.1892049312591553
2.4103057384490967
2.381255626678467
2.3626484870910645
2.1718430519104004
2.163581132888794
2.2799644470214844
2.2738566398620605
2.395620822906494
2.366441488265991
2.161679983139038
1.9670542478561401
2.0353283882141113
1.9063632488250732
2.0478906631469727
2.101405143737793
2.1689720153808594
2.123159170150757
2.090977430343628
2.3029348850250244
2.4025979042053223
2.286963701248169
2.1048996448516846
2.326387882232666
2.4859185218811035
2.527261257171631
2.3203539848327637
2.2393436431884766
2.313823938369751
2.150419235229492
2.1738998889923096
1.890241265296936
1.9608267545700073
1.8254168033599854
2.0940682888031006
1.893144130706787
2.131348133087158
2.0990285873413086
2.188634157180786
2.0939559936523438
2.1545217037200928
2.2375009059906006
1.9983373880386353
2.1703007221221924
2.4618396759033203
2.3416953086853027
2.348353862762451
2.542127847671509
2.3162784576416016
2.4699342250823975
2.67290997505188
2.396177053451538
2.37943696975708
2.516172409057617
2.117518424987793
2.105412721633911
2.304272174835205
2.2303690910339355
2.1854143142700195
2.494490146636963
2.6669883728027344
2.6135966777801514
2.3657777309417725
2.2812931537628174
2.117551565170288
2.170868158340454
2.2309696674346924
2.188308000564575
2.2594380378723145
2.1201705932617188
2.0824410915374756
2.3844597339630127
2.4852848052978516
2.3969829082489014
2.5023269653320313
2.3062944412231445
2.4499027729034424
2.3867034912109375
2.486765146255493
2.4572677612304688
2.8034846782684326
2.8628036975860596
3.055020570755005
2.8824944496154785
2.673920154571533
2.866260528564453
2.8188416957855225
2.8043901920318604
2.7675764560699463
3.0798513889312744
3.1293227672576904
3.0512382984161377
2.813640832901001
2.8694100379943848
3.019244432449341
3.011267900466919
2.9939801692962646
3.0359811782836914
3.2135000228881836
3.3227741718292236
3.271125555038452
3.1088597774505615
3.100346326828003
3.2758119106292725
3.3714516162872314
3.1991777420043945
3.0190300941467285
2.855281114578247
2.7926082611083984
2.746807336807251
2.850996494293213
3.1614315509796143
3.126429796218872
2.9913549423217773
2.8733808994293213
2.9976587295532227
2.9773850440979004
3.136807441711426
3.143409490585327
3.182400703430176
3.0283329486846924
3.0969796180725098
3.315368890762329
3.1800920963287354
3.000915050506592
2.991978883743286
3.0274641513824463
3.0419974327087402
3.011112689971924
2.9029533863067627
3.2022793292999268
3.104280948638916
3.3962435722351074
3.6605987548828125
3.6245224475860596
3.170437812805176
2.821492910385132
2.8153302669525146
2.78448486328125
3.004401445388794
3.038433790206909
3.310056686401367
3.0718698501586914
3.0721969604492188
3.4074912071228027
3.610365390777588
3.364778518676758
3.460561990737915
3.3711764812469482
2.9926834106445313
3.0094337463378906
3.221572160720825
3.293635606765747
3.4113099575042725
3.7942616939544678
3.579007387161255
3.502140998840332
3.52882981300354
3.865835428237915
3.8893260955810547
3.8976523876190186
3.410759210586548
3.8793540000915527
3.7020390033721924
3.612107992172241
3.8141207695007324
3.5616562366485596
3.590404748916626
3.6089625358581543
3.732358694076538
3.314880847930908
3.483628511428833
3.4667649269104004
3.7319390773773193
3.737438201904297
3.7475767135620117
3.613051652908325
3.280611276626587
3.3649258613586426
3.437654495239258
3.2737479209899902
3.082976818084717
3.295177936553955
3.4433512687683105
3.6064860820770264
3.8575217723846436
3.4629671573638916
3.577075481414795
3.4085731506347656
3.3939614295959473
3.5696628093719482
3.6290528774261475
3.722867965698242
3.4862964153289795
3.5841734409332275
3.339876890182495
3.4484446048736572
3.3331010341644287
3.228363513946533
3.3356752395629883
3.3987526893615723
3.4749178886413574
3.2293407917022705
3.308748960494995
3.3503854274749756
3.2239327430725098
3.543131113052368
3.449664831161499
3.499812602996826
3.3392603397369385
3.2668561935424805
3.1260342597961426
3.21035099029541
3.4879531860351563
3.080094814300537
3.2806057929992676
3.320175886154175
3.367462396621704
3.237190008163452
3.4199652671813965
3.636275053024292
3.8352346420288086
3.628277540206909
3.1424241065979004
3.254636287689209
3.2788286209106445
3.110544443130493
2.917187452316284
3.110445737838745
3.1719329357147217
3.090590000152588
3.0453054904937744
2.861605405807495
2.8882529735565186
3.244558811187744
3.1720845699310303
3.131667137145996
3.2936086654663086
3.0886971950531006
3.0345473289489746
3.0862622261047363
3.18510365486145
3.003386974334717
3.2679150104522705
3.2703025341033936
3.2982394695281982
3.162524461746216
3.0425329208374023
2.945866107940674
2.8158717155456543
2.973670244216919
2.851766347885132
3.175718069076538
3.1690139770507813
3.1412014961242676
3.063105583190918
3.0997674465179443
2.993234872817993
3.0157556533813477
2.845123052597046
3.0074338912963867
3.1042585372924805
3.0608863830566406
3.173417091369629
3.372243881225586
3.3290278911590576
3.277843952178955
3.3281631469726563
3.061000108718872
3.2376787662506104
3.241586923599243
3.0837883949279785
2.9520339965820313
2.982729196548462
2.924577474594116
3.0272104740142822
2.8853812217712402
2.9100282192230225
3.1458418369293213
3.2408952713012695
2.9079160690307617
2.8848166465759277
2.986152172088623
3.14492130279541
3.0286402702331543
3.0747835636138916
3.0212080478668213
2.899994373321533
2.7849202156066895
2.8055191040039063
2.7859106063842773
2.9310302734375
3.3727428913116455
3.2603695392608643
3.282571315765381
3.4191982746124268
3.123579502105713
3.039679765701294
3.164091110229492
3.3906872272491455
3.230525493621826
3.2858059406280518
3.291529417037964
3.3647754192352295
3.4343760013580322
3.608187198638916
3.620854139328003
3.539215564727783
3.665073871612549
3.4874093532562256
3.491520643234253
3.27500319480896
3.270991325378418
3.2521719932556152
3.6567182540893555
3.392076015472412
3.520503044128418
3.535130262374878
3.1439578533172607
2.6907958984375
2.839765787124634
3.0726656913757324
3.267673969268799
3.382550001144409
3.1426851749420166
3.1543068885803223
3.0043489933013916
3.124075412750244
3.203657865524292
2.929476261138916
2.71728253364563
2.7996511459350586
2.6862714290618896
3.0471556186676025
3.1222472190856934
2.8487131595611572
2.939199447631836
3.062248468399048
2.856336832046509
2.8612308502197266
2.989514112472534
2.9204893112182617
2.770204544067383
3.0359878540039063
2.9236981868743896
2.754138708114624
3.21051287651062
3.1503982543945313
3.3444936275482178
3.506448745727539
3.51883864402771
3.474017381668091
2.9902915954589844
3.2491507530212402
2.924409866333008
2.884369373321533
3.019773483276367
2.7986228466033936
3.0260517597198486
2.9505155086517334
2.9773240089416504
2.76153826713562
2.8898792266845703
3.01969313621521
3.063267469406128
2.922494411468506
3.2179458141326904
3.1337811946868896
3.4499447345733643
3.5342254638671875
3.2172634601593018
3.674325466156006
3.3220434188842773
3.0858919620513916
3.1314539909362793
3.1058013439178467
3.1392898559570313
3.254531145095825
3.0536558628082275
3.1181535720825195
3.0569941997528076
2.8833348751068115
2.634107828140259
2.851856231689453
2.6537609100341797
2.7482917308807373
2.802271604537964
2.9089412689208984
2.7098238468170166
2.7246205806732178
2.7608482837677
2.646132230758667
2.54481840133667
2.8533363342285156
2.7026758193969727
2.651789426803589
3.0294687747955322
2.825442314147949
3.0932846069335938
2.9501497745513916
2.7757651805877686
3.0643839836120605
3.2053158283233643
3.2302956581115723
3.0921220779418945
2.9625189304351807
2.9941811561584473
2.8799803256988525
2.9516873359680176
2.877565383911133
2.9502065181732178
3.032388210296631
3.0130107402801514
3.3735294342041016
3.2117021083831787
3.247560501098633
3.153806209564209
2.8879456520080566
3.014897346496582
2.839460611343384
2.8285441398620605
2.5384864807128906
2.909245491027832
2.895190715789795
2.755753755569458
2.9694371223449707
2.7743418216705322
2.992560386657715
2.8503713607788086
3.307110071182251
3.0184502601623535
3.087322950363159
3.0372984409332275
3.2077298164367676
3.096702814102173
3.470193862915039
3.241647481918335
3.531167984008789
3.435696601867676
3.288688898086548
3.3649709224700928
3.1123876571655273
3.1710927486419678
3.269562005996704
3.2709476947784424
3.0541679859161377
3.3412606716156006
3.54498028755188
3.3402011394500732
3.1764378547668457
3.058431625366211
3.187278985977173
3.297865152359009
3.3167364597320557
3.309305429458618
3.1831376552581787
3.4782376289367676
3.317310333251953
3.3494954109191895
3.472236156463623
3.1363768577575684
3.43784761428833
3.45906400680542
3.167449474334717
3.27730393409729
3.1391396522521973
3.333953619003296
3.2766597270965576
3.1625988483428955
2.8333094120025635
3.0560121536254883
3.193021297454834
3.2639379501342773
3.0575387477874756
3.099956512451172
3.1680245399475098
2.9109292030334473
3.0340800285339355
3.119971752166748
3.2623512744903564
3.3072690963745117
3.2773447036743164
3.2331697940826416
3.2871203422546387
2.9439034461975098
2.935764789581299
2.7340567111968994
3.0346009731292725
2.8597612380981445
3.2330591678619385
3.0516409873962402
2.9577476978302
2.9350693225860596
2.8787524700164795
2.9062397480010986
2.751934051513672
2.46439790725708
2.7024195194244385
2.80843186378479
2.6369409561157227
2.8053700923919678
2.9034552574157715
2.8745765686035156
2.83084774017334
2.6883928775787354
2.6487433910369873
2.7898619174957275
2.6950440406799316
2.725503921508789
2.7520391941070557
2.655550241470337
2.6330013275146484
2.697486639022827
2.712174415588379
3.009248733520508
2.8270907402038574
2.504493236541748
2.743246078491211
2.6225028038024902
2.613340139389038
2.77042818069458
2.8065223693847656
3.017712354660034
2.9616341590881348
3.1087543964385986
3.039782762527466
3.0319137573242188
3.131892681121826
3.0561106204986572
2.6977405548095703
2.7868826389312744
2.807790994644165
2.680478572845459
2.662688732147217
2.5742318630218506
2.7952880859375
2.769707679748535
2.6549150943756104
2.921480894088745
2.785268545150757
2.9873464107513428
2.8956243991851807
3.2683091163635254
3.045682668685913
3.1176912784576416
3.1689720153808594
3.288543939590454
3.3866074085235596
3.3526341915130615
3.487293004989624
3.1834933757781982
3.193812370300293
3.4031693935394287
3.206713914871216
2.970966339111328
2.919377326965332
2.8224496841430664
3.057551860809326
2.828336477279663
2.969158411026001
3.0635061264038086
3.1050009727478027
3.226914882659912
3.259190320968628
2.9585282802581787
3.099076509475708
3.028531789779663
2.9466633796691895
3.2702412605285645
3.054111957550049
3.0538442134857178
2.955951690673828
2.938819646835327
3.17055344581604
2.8356995582580566
3.024186372756958
3.2410378456115723
3.2982544898986816
3.3292315006256104
3.121361017227173
2.891139507293701
2.849426507949829
2.724335193634033
2.924154043197632
3.005735397338867
2.8490383625030518
2.952294111251831
3.023557424545288
2.8594424724578857
2.944171905517578
2.8327198028564453
2.919919013977051
2.915097236633301
2.920684337615967
2.837570905685425
2.9935338497161865
3.1305480003356934
3.1224324703216553
3.308781385421753
3.1787350177764893
3.335991859436035
3.2111127376556396
3.019519567489624
3.0901083946228027
2.999668836593628
3.259305238723755
3.5695886611938477
3.446164608001709
3.2729620933532715
3.4500741958618164
3.220283269882202
3.481368064880371
3.369222640991211
3.021287441253662
3.1664650440216064
3.3366057872772217
3.2528207302093506
3.100168228149414
3.360912799835205
3.0502843856811523
3.225212574005127
3.0515379905700684
3.2851221561431885
3.4232547283172607
3.0736587047576904
3.040588617324829
3.2307748794555664
2.969799280166626
2.730489492416382
2.965742826461792
2.9124948978424072
2.902200698852539
2.9127025604248047
2.8179330825805664
2.8403544425964355
3.105175018310547
2.934818983078003
2.89306640625
3.1690402030944824
3.050382375717163
3.156376838684082
3.1190402507781982
3.1002700328826904
3.12676739692688
3.2268731594085693
3.205651044845581
3.1569974422454834
3.1247310638427734
2.9216771125793457
3.239232301712036
3.2107019424438477
3.101285696029663
3.0764429569244385
2.742051839828491
2.9085116386413574
3.0387535095214844
3.1503524780273438
3.3465986251831055
3.160398006439209
3.3644120693206787
3.274214744567871
3.2854208946228027
3.4918203353881836
3.1600863933563232
3.5106616020202637
3.4333343505859375
3.444401502609253
3.597951650619507
3.1356098651885986
3.1244935989379883
3.0310516357421875
2.93855619430542
3.248096466064453
3.242945432662964
3.1311848163604736
3.3985140323638916
3.240077018737793
2.9822871685028076
3.1660330295562744
3.0697388648986816
3.1523563861846924
3.356158494949341
3.379528522491455
3.2015380859375
2.996260404586792
3.131697416305542
3.051523208618164
3.074129104614258
2.970785140991211
2.815042018890381
2.746429681777954
2.8782289028167725
2.7020721435546875
2.891295909881592
3.042160749435425
3.011669397354126
3.0680606365203857
3.034834861755371
2.755260467529297
2.780097246170044
2.9069743156433105
3.022416591644287
3.0188698768615723
2.797031879425049
2.954282522201538
2.8449456691741943
3.034252882003784
3.2554357051849365
2.9683899879455566
2.771979808807373
2.7475929260253906
3.1868269443511963
2.9837851524353027
2.9250059127807617
2.8160791397094727
2.8894124031066895
3.0440762042999268
2.7724485397338867
2.8280646800994873
2.8109843730926514
2.950407028198242
3.0009169578552246
2.9907219409942627
3.077002763748169
3.129326105117798
3.4566802978515625
3.1015381813049316
3.1990840435028076
3.0750913619995117
2.903451681137085
3.080843687057495
3.114208221435547
3.1675119400024414
3.3522677421569824
3.5678088665008545
3.537304162979126
3.296314239501953
3.1687867641448975
3.396071434020996
3.488239288330078
3.5444109439849854
3.3538732528686523
3.254772663116455
3.2510986328125
2.984989643096924
3.1259124279022217
3.006047010421753
3.208444356918335
3.074843406677246
2.912834644317627
3.006333351135254
2.91764497756958
2.8717849254608154
2.9935531616210938
3.0416100025177
3.0933635234832764
3.094404697418213
2.985358238220215
2.9456944465637207
3.1649129390716553
3.1433839797973633
3.1760342121124268
3.401984453201294
3.419982671737671
3.3051538467407227
3.383484363555908
3.5103261470794678
3.4406979084014893
3.4926514625549316
3.230693817138672
3.104086399078369
3.2870335578918457
3.2177679538726807
3.066174030303955
3.04451060295105
3.3160622119903564
3.4714341163635254
3.3515920639038086
3.2701077461242676
3.1951186656951904
3.2542154788970947
3.2316300868988037
3.4111528396606445
3.340226650238037
3.112769365310669
3.2147271633148193
3.4034178256988525
2.914543390274048
3.086383581161499
3.225586414337158
3.4041481018066406
3.083881378173828
3.0638158321380615
3.2444522380828857
2.877046585083008
3.071100950241089
2.7692251205444336
2.918231248855591
2.8738534450531006
2.8318982124328613
2.574571371078491
2.63451886177063
2.778099775314331
2.866048812866211
2.9285056591033936
3.0590858459472656
3.0355069637298584
2.882672071456909
2.805537700653076
2.7211272716522217
2.763709783554077
2.7641985416412354
2.912924289703369
2.8303446769714355
2.985354423522949
2.992215156555176
2.9838523864746094
2.7161788940429688
2.7563858032226563
2.9650704860687256
2.721076011657715
2.9680488109588623
3.167762041091919
2.6837711334228516
3.0417442321777344
2.646932363510132
2.8978264331817627
2.819547414779663
2.804054021835327
2.9093306064605713
2.897188663482666
2.8265416622161865
2.6022162437438965
2.619901180267334
2.742946147918701
2.7224364280700684
2.8981406688690186
2.8735220432281494
2.782784938812256
3.0602898597717285
2.8035483360290527
2.872168779373169
3.012875556945801
2.8891327381134033
2.7665646076202393
2.935055732727051
2.893488645553589
2.804661273956299
2.795262575149536
2.6787047386169434
2.736090898513794
2.7721915245056152
3.0058937072753906
2.8477182388305664
2.986267566680908
2.827219247817993
2.9822800159454346
2.7781195640563965
2.7998526096343994
2.8710825443267822
2.968604803085327
2.8451316356658936
2.98457407951355
2.738654613494873
2.8351645469665527
2.760629177093506
2.740565299987793
2.951728105545044
2.994565963745117
3.1545140743255615
3.217738628387451
2.9890761375427246
3.198690414428711
2.884800434112549
3.0865092277526855
3.0361711978912354
2.9077205657958984
2.9944605827331543
3.0215399265289307
2.776015520095825
2.9283151626586914
3.0111382007598877
2.725531816482544
2.8151254653930664
2.824648380279541
2.7104718685150146
2.4236350059509277
2.622676134109497
2.607665777206421
2.859443187713623
3.0228428840637207
3.145040512084961
3.2337560653686523
3.18052077293396
3.3927505016326904
3.209226369857788
3.2225420475006104
3.3912553787231445
3.421020746231079
3.2608590126037598
3.4856252670288086
3.2568132877349854
3.2534093856811523
3.1222734451293945
3.090245246887207
3.237018585205078
3.150493621826172
3.2530715465545654
3.2230350971221924
3.1970536708831787
3.055245876312256
2.999934434890747
2.7356550693511963
2.77581787109375
2.7336761951446533
2.9023754596710205
3.3375630378723145
3.254300355911255
3.1582119464874268
3.213012933731079
3.3351118564605713
3.249659776687622
3.148980140686035
3.0366084575653076
2.9786734580993652
3.0300514698028564
3.013700008392334
2.9847419261932373
3.215113639831543
3.0882725715637207
2.902766704559326
3.285675048828125
3.1227636337280273
3.0978341102600098
3.136310577392578
2.87235951423645
3.157428741455078
2.9957101345062256
3.2140228748321533
3.179680109024048
3.2639424800872803
3.4122366905212402
3.156506061553955
3.3140430450439453
3.256849765777588
3.6127960681915283
3.370213747024536
3.3038463592529297
3.2320783138275146
3.410076856613159
3.316599130630493
3.164951801300049
2.999286413192749
2.9846012592315674
3.0794737339019775
3.141385316848755
3.0009207725524902
3.0840554237365723
2.994046211242676
3.1073873043060303
3.185305118560791
3.15834641456604
3.0542104244232178
2.8394532203674316
3.081997871398926
3.0786333084106445
2.853504180908203
2.756516933441162
3.1104302406311035
3.053919553756714
3.170781135559082
2.9263551235198975
2.7787327766418457
2.9536514282226563
2.7361440658569336
2.7793233394622803
2.9024922847747803
2.7938344478607178
2.8719592094421387
2.758207082748413
2.962946653366089
2.8243703842163086
2.8507394790649414
2.6350362300872803
2.7999720573425293
2.5392231941223145
2.6579973697662354
2.800471782684326
3.004636526107788
3.034785270690918
3.057072639465332
3.0089354515075684
3.161663770675659
3.00614070892334
3.1645023822784424
3.222632884979248
2.8566460609436035
2.86141300201416
2.9946460723876953
3.028338670730591
3.3003456592559814
3.166165828704834
3.0929179191589355
2.89780592918396
2.97298526763916
3.0959792137145996
3.1997036933898926
2.970860242843628
2.994563579559326
3.1167891025543213
2.9026403427124023
2.974090337753296
3.0053036212921143
2.8233819007873535
2.8167998790740967
2.8512308597564697
2.8923308849334717
2.8531715869903564
2.6072232723236084
2.5908684730529785
2.7915196418762207
2.9738166332244873
3.036290407180786
2.8764877319335938
2.8533473014831543
2.8455448150634766
2.626448631286621
2.7812137603759766
2.873288631439209
2.8333451747894287
2.7074151039123535
2.692185640335083
2.794017791748047
3.068197011947632
3.276277780532837
3.099604845046997
3.2581608295440674
3.3022594451904297
2.931777238845825
3.1585018634796143
2.9978158473968506
3.0221266746520996
3.0613181591033936
3.1376149654388428
3.3495094776153564
3.306846857070923
3.2874488830566406
3.451300859451294
3.6722912788391113
3.418381452560425
3.3672585487365723
3.2093043327331543
3.2230923175811768
3.427241802215576
3.285398244857788
3.415043354034424
3.370833396911621
3.682868242263794
3.662931203842163
3.381873369216919
3.36419677734375
3.274346113204956
3.024242877960205
3.1738014221191406
3.2215421199798584
3.162027597427368
3.323296070098877
3.0943007469177246
2.811096668243408
2.90913987159729
2.9595766067504883
3.0748629570007324
2.8476109504699707
2.9679646492004395
3.0714123249053955
3.3600754737854004
2.8686351776123047
3.281611204147339
3.216879367828369
3.180945873260498
3.0528273582458496
2.8726186752319336
2.836071729660034
2.8632240295410156
3.037971258163452
3.0436618328094482
3.096121311187744
3.184527635574341
3.359224557876587
3.3746471405029297
3.278123378753662
3.156406879425049
3.4141602516174316
3.4031853675842285
3.1960208415985107
3.0643277168273926
2.84328031539917
2.994697093963623
3.086796998977661
2.9509923458099365
2.990619421005249
3.079115152359009
3.1718027591705322
3.335801124572754
3.2507312297821045
3.3252432346343994
3.2153031826019287
3.188871145248413
3.0379796028137207
3.2162253856658936
3.308255434036255
3.187764883041382
3.3195133209228516
3.1491165161132813
3.4173524379730225
3.191345691680908
2.8964474201202393
2.8036293983459473
2.8662497997283936
2.9236531257629395
2.904907464981079
2.622873306274414
2.538177013397217
2.9399561882019043
2.6941723823547363
2.782010555267334
2.8813564777374268
2.8057844638824463
2.893590211868286
2.8715808391571045
2.757546901702881
2.871852397918701
2.9068479537963867
2.6556451320648193
2.622185468673706
2.500706434249878
2.7295799255371094
2.8537721633911133
2.713717460632324
2.6356756687164307
2.50364351272583
2.6682279109954834
2.650261640548706
2.465144395828247
2.49293851852417
2.388773202896118
2.4775569438934326
2.540318727493286
2.5304250717163086
2.7217657566070557
2.5679287910461426
2.560680866241455
2.5778701305389404
2.6217405796051025
2.6154613494873047
3.056550979614258
3.0061511993408203
2.878335475921631
2.905299663543701
2.8038928508758545
2.82627272605896
2.7431423664093018
2.8602097034454346
2.9621243476867676
3.028197765350342
2.7809340953826904
2.6525282859802246
2.983569622039795
2.8177216053009033
2.4668166637420654
2.841911792755127
2.6640701293945313
2.6532413959503174
2.6489274501800537
2.6502697467803955
2.811180830001831
2.813218593597412
2.9713218212127686
2.947178840637207
3.1562392711639404
3.128070116043091
2.8729591369628906
2.934892177581787
3.051631212234497
2.8920834064483643
2.8256657123565674
2.8469667434692383
2.7922301292419434
2.4225375652313232
2.6046032905578613
2.6513075828552246
2.527446746826172
2.520038366317749
2.603675603866577
2.6553127765655518
2.4660227298736572
2.560253858566284
2.438523292541504
2.474750280380249
2.771481513977051
2.8013556003570557
2.70658802986145
2.7353343963623047
2.7872536182403564
2.6242454051971436
2.6987993717193604
2.8727142810821533
2.815584659576416
3.00655460357666
2.9220879077911377
3.0064680576324463
2.8804686069488525
2.9926013946533203
2.746823787689209
2.6956748962402344
2.7728271484375
2.8320488929748535
2.7817347049713135
2.974193572998047
2.701587438583374
2.578423023223877
2.6092638969421387
2.8108344078063965
2.7428030967712402
2.7223923206329346
2.441481113433838
2.6399879455566406
3.024951219558716
3.104367256164551
3.280630111694336
3.13040828704834
3.162731885910034
3.0588412284851074
3.003399610519409
3.166836977005005
3.3624396324157715
3.2701914310455322
3.339708089828491
3.197629690170288
3.1219446659088135
3.074397325515747
3.1524417400360107
3.0082154273986816
2.8230574131011963
2.858867645263672
2.735504150390625
2.876530408859253
2.850456953048706
2.9141793251037598
2.755075454711914
3.037733793258667
3.015904188156128
2.785970687866211
2.926593542098999
2.774339199066162
2.95987868309021
2.631808042526245
2.680055618286133
2.689018726348877
2.6661009788513184
2.792782783508301
2.8913559913635254
2.9816842079162598
2.8122990131378174
2.725951671600342
2.8567328453063965
2.6930418014526367
2.5029733180999756
2.664093255996704
2.6514639854431152
2.530035972595215
2.6309494972229004
2.7128472328186035
2.7328004837036133
2.831056594848633
2.7406117916107178
2.8413455486297607
2.892723560333252
2.60300612449646
2.634891986846924
2.5643885135650635
2.811687707901001
2.7926642894744873
2.751394748687744
2.639885425567627
2.45919132232666
2.5904321670532227
2.5117149353027344
2.6685307025909424
2.746915817260742
3.0339126586914063
2.7848308086395264
2.6727371215820313
2.5149056911468506
2.5547096729278564
2.4054782390594482
2.471754550933838
2.5295181274414063
2.503605842590332
2.527381658554077
2.6169803142547607
2.392582416534424
2.5122005939483643
2.4556491374969482
2.4341628551483154
2.486302614212036
2.472170114517212
2.30656361579895
2.541041374206543
2.597869873046875
2.544553756713867
2.4151906967163086
2.48026704788208
2.466744899749756
2.2358627319335938
2.302734851837158
2.2548325061798096
2.2156221866607666
2.1875574588775635
2.4136805534362793
2.3636810779571533
2.450463056564331
2.298666477203369
2.3533108234405518
2.3080999851226807
2.2707579135894775
2.339942216873169
2.2720394134521484
2.247525691986084
2.094270706176758
2.4477696418762207
2.2245657444000244
2.251124858856201
2.31827449798584
2.250316858291626
2.3774356842041016
2.175201177597046
2.3275251388549805
2.199012517929077
2.3362083435058594
2.402028799057007
2.5670604705810547
2.4993269443511963
2.506154775619507
2.614912271499634
2.6186435222625732
2.787442207336426
2.895000696182251
2.814890146255493
2.9935531616210938
2.9555718898773193
2.9106805324554443
2.5750410556793213
2.609107732772827
2.5889899730682373
2.662954092025757
2.5225281715393066
2.4123308658599854
2.6588237285614014
2.5758936405181885
2.6102449893951416
2.351447105407715
2.452843189239502
2.587820053100586
2.3427574634552
2.573701858520508
2.511727809906006
2.4711179733276367
2.465768814086914
2.3160245418548584
2.4280924797058105
2.5523927211761475
2.430734157562256
2.2798962593078613
2.1717185974121094
2.1273837089538574
2.228485345840454
2.4996798038482666
2.36948561668396
2.610970973968506
2.3203604221343994
2.711379289627075
2.5870556831359863
2.8171472549438477
2.5483086109161377
2.899836778640747
2.693311929702759
2.8230161666870117
2.830817699432373
3.145764112472534
2.958491325378418
2.9629030227661133
2.918980360031128
2.8463919162750244
2.7458126544952393
2.9601595401763916
3.0628275871276855
3.0714645385742188
3.282829999923706
3.093057870864868
2.973231315612793
3.1505963802337646
2.9404444694519043
3.22210693359375
2.93587327003479
3.0272634029388428
3.0761799812316895
2.940613031387329
3.0582756996154785
3.12339448928833
3.094696044921875
2.917863368988037
2.9715614318847656
2.724919319152832
2.6214916706085205
2.6344211101531982
2.694528102874756
2.6626033782958984
2.840578317642212
2.873682975769043
2.8566672801971436
2.789280414581299
2.5445971488952637
2.7867681980133057
2.940580129623413
2.7822630405426025
2.8726577758789063
2.796187162399292
2.6706655025482178
2.699899435043335
2.572375774383545
2.7677295207977295
2.719853639602661
2.7602055072784424
2.839545965194702
2.7400124073028564
2.8035640716552734
2.6674675941467285
2.938789129257202
2.800816774368286
2.715750217437744
2.6175873279571533
2.5493967533111572
2.3512797355651855
2.4756736755371094
2.309117078781128
2.5297718048095703
2.6284821033477783
2.4339916706085205
2.4354121685028076
2.8915040493011475
2.6234755516052246
2.4765422344207764
2.836481809616089
2.5156891345977783
2.584228038787842
2.5314483642578125
2.6674423217773438
2.7971744537353516
2.835181713104248
2.8633742332458496
2.7090213298797607
2.6967921257019043
2.6362617015838623
2.654451608657837
2.8174219131469727
2.897597074508667
2.9111337661743164
2.733459234237671
2.8626339435577393
2.7091927528381348
2.6816914081573486
2.708503246307373
2.7756383419036865
2.706465482711792
2.6538360118865967
2.870372772216797
3.097047805786133
3.0857715606689453
3.06420636177063
2.8663883209228516
2.9599850177764893
2.9345009326934814
3.174440383911133
2.966430902481079
3.115571975708008
3.093024253845215
3.1667563915252686
3.252302408218384
3.20465350151062
3.052992343902588
3.207408905029297
3.367233991622925
3.2930221557617188
3.247968912124634
3.226087808609009
3.427067756652832
3.227222204208374
