0.9281917810440063
0.9635159373283386
1.0444207191467285
1.2376067638397217
1.3182158470153809
1.4918949604034424
1.5867782831192017
1.6110268831253052
1.4207218885421753
1.6253899335861206
1.9283491373062134
1.8100666999816895
1.6880970001220703
1.6223881244659424
1.8481230735778809
1.6864734888076782
1.335334062576294
1.5439379215240479
1.2398656606674194
1.422062635421753
1.3920763731002808
1.3077669143676758
1.3875058889389038
1.3803730010986328
1.429392695426941
1.2794301509857178
1.2992277145385742
1.3017483949661255
1.3957250118255615
1.3936402797698975
1.4558348655700684
1.276377558708191
1.383778691291809
1.2342066764831543
1.3145257234573364
1.4262058734893799
1.5895839929580688
1.534515619277954
1.673829197883606
1.6562914848327637
1.7333300113677979
1.525560736656189
1.8240915536880493
1.9271619319915771
1.7507939338684082
2.117136001586914
1.9449849128723145
1.8053826093673706
1.6687932014465332
2.0045623779296875
1.9607534408569336
1.498708963394165
1.3623294830322266
1.4401304721832275
1.5160496234893799
1.6410120725631714
1.5506820678710938
1.336136817932129
1.4591583013534546
1.5306036472320557
1.6608152389526367
1.719981074333191
1.696990966796875
1.6396644115447998
1.631520390510559
1.7610960006713867
1.8450318574905396
1.7611603736877441
1.6619035005569458
1.725091814994812
1.5733639001846313
1.712525725364685
1.77100670337677
1.5641907453536987
1.8213871717453003
1.7553144693374634
1.6874908208847046
1.8063355684280396
1.9928901195526123
1.7981404066085815
1.9234217405319214
1.909038782119751
1.6764521598815918
1.5823954343795776
1.6875741481781006
1.485139012336731
1.7220689058303833
1.7340867519378662
1.6315553188323975
1.5488899946212769
1.485145092010498
1.522779107093811
1.4705418348312378
1.64398992061615
1.8676799535751343
2.0034353733062744
2.11153244972229
1.951330304145813
1.9980965852737427
2.057269811630249
2.3034563064575195
2.0335848331451416
1.9298501014709473
1.7981464862823486
1.9000385999679565
1.6374354362487793
1.7422547340393066
2.106400966644287
2.218273401260376
2.2164466381073
2.010746955871582
2.3228960037231445
2.186183214187622
2.1543631553649902
2.026273250579834
2.257253408432007
2.3157055377960205
2.2466413974761963
2.3351054191589355
2.534337282180786
2.5357143878936768
2.289616584777832
2.3631961345672607
2.545469284057617
2.5843505859375
2.735497236251831
2.801494598388672
2.8456828594207764
2.52945876121521
2.8288164138793945
3.0915639400482178
2.968629837036133
2.9160757064819336
2.9004974365234375
2.9526655673980713
2.754549026489258
2.4149320125579834
2.744657278060913
2.7619788646698
2.6187384128570557
2.733685255050659
2.7014639377593994
2.732231855392456
2.406747341156006
2.092802047729492
2.202878952026367
2.211552381515503
2.2417707443237305
2.103024482727051
2.170853853225708
2.1485655307769775
2.407116413116455
2.3010990619659424
2.393357276916504
2.3508663177490234
2.1534223556518555
2.1650805473327637
2.1412506103515625
2.1274144649505615
2.180406093597412
2.1051361560821533
2.114741563796997
2.1804447174072266
1.952925443649292
2.025606632232666
2.015392303466797
1.9225599765777588
2.0940990447998047
1.9156078100204468
2.0650477409362793
2.2640879154205322
2.1693575382232666
1.8901633024215698
2.1375153064727783
2.0508456230163574
2.220409870147705
2.077867269515991
2.4662461280822754
2.1381750106811523
2.3216443061828613
2.4145209789276123
2.3173601627349854
2.2087714672088623
2.245272636413574
2.2018332481384277
2.2371785640716553
2.1628808975219727
1.9788674116134644
2.106515407562256
1.9406602382659912
2.0594379901885986
1.9484056234359741
2.0866875648498535
2.0962436199188232
1.9140594005584717
2.0821375846862793
2.3092007637023926
2.18977689743042
2.2817273139953613
2.082122564315796
2.11281418800354
2.08829665184021
2.0568032264709473
1.856584906578064
1.93160879611969
2.004502058029175
1.9110549688339233
1.8290404081344604
2.1112921237945557
2.1354269981384277
2.110039234161377
1.9607301950454712
1.7689779996871948
1.8155906200408936
1.7785649299621582
2.014627456665039
2.1264305114746094
1.9382749795913696
1.868632197380066
1.797984004020691
1.9282780885696411
2.152764081954956
1.964159369468689
1.8527085781097412
1.9007781744003296
2.2191054821014404
1.8335905075073242
2.1360435485839844
1.9445621967315674
1.740889072418213
2.200439691543579
2.115034341812134
2.2341012954711914
2.257023572921753
2.2283544540405273
2.2203283309936523
2.234140634536743
2.3563621044158936
2.318840742111206
2.3255257606506348
2.2313225269317627
1.8703488111495972
2.0665223598480225
2.1676743030548096
2.013411521911621
2.2158727645874023
2.191237688064575
2.0687315464019775
2.1957712173461914
2.095451593399048
2.0437920093536377
2.062633991241455
2.199333429336548
2.125675678253174
2.0542919635772705
2.0286498069763184
1.9802690744400024
1.9085267782211304
1.7936103343963623
1.8259986639022827
1.6864292621612549
1.6485732793807983
1.812084436416626
1.6590415239334106
1.7783514261245728
1.9605538845062256
2.048586130142212
1.9771854877471924
1.9511959552764893
2.0912511348724365
1.9302654266357422
1.7890887260437012
1.8244067430496216
1.966889500617981
2.1313774585723877
2.151506185531616
1.8471357822418213
1.7510627508163452
2.072077751159668
2.20605731010437
1.918491005897522
1.9603677988052368
2.048210382461548
1.9910590648651123
1.9541301727294922
1.9437472820281982
1.7617765665054321
1.913318395614624
1.8279873132705688
1.985008955001831
1.7887320518493652
1.9053727388381958
1.8055672645568848
1.8170082569122314
2.0291366577148438
1.8772902488708496
1.9233715534210205
1.9246407747268677
1.8034380674362183
1.7829389572143555
1.7508571147918701
1.7058203220367432
1.8513261079788208
1.7816394567489624
1.9008750915527344
1.926786184310913
2.1488752365112305
2.035038948059082
2.181849241256714
2.2292001247406006
2.0987632274627686
2.16438364982605
2.378530502319336
2.3335540294647217
2.2402899265289307
2.1212005615234375
1.987217664718628
2.441195249557495
2.2484982013702393
2.113652467727661
1.9112557172775269
1.9842787981033325
1.9706449508666992
1.7781651020050049
1.8624987602233887
2.0597524642944336
1.9727442264556885
2.0781373977661133
2.2072746753692627
2.15837025642395
2.0792236328125
2.185962200164795
2.1364805698394775
2.283660650253296
2.088954448699951
2.2005228996276855
2.175546407699585
2.024132013320923
2.135979175567627
2.138735294342041
2.0905706882476807
2.0964672565460205
2.1059298515319824
2.3041763305664063
2.398712158203125
2.2386131286621094
2.2909114360809326
2.1160478591918945
2.3440327644348145
2.3496291637420654
2.2312214374542236
2.096320152282715
2.163342237472534
2.194648265838623
2.2796976566314697
2.393200635910034
2.2481749057769775
2.358532667160034
2.1999671459198
1.9600204229354858
1.9891332387924194
1.9775868654251099
2.2968997955322266
2.255774736404419
2.1496036052703857
2.062384843826294
1.8206276893615723
1.6871576309204102
1.7984791994094849
1.749258279800415
1.7725319862365723
2.015430450439453
2.0919039249420166
2.2553369998931885
2.3970983028411865
2.4016361236572266
2.390673875808716
2.2666022777557373
2.379216432571411
2.4619240760803223
2.251563310623169
2.1029491424560547
2.393688201904297
2.3085243701934814
2.4988324642181396
2.256866216659546
1.865207552909851
2.0432980060577393
1.8644508123397827
1.9029884338378906
1.9458667039871216
1.9700676202774048
1.92332923412323
2.135563611984253
1.979206919670105
1.897241234779358
2.122001886367798
1.9234726428985596
1.9938825368881226
2.1519744396209717
2.3262715339660645
2.1648523807525635
2.116816520690918
2.1269381046295166
2.084203004837036
2.139282703399658
2.0480446815490723
1.887465238571167
1.875003695487976
1.9971617460250854
2.206052780151367
1.9226486682891846
1.6915491819381714
1.8518643379211426
2.022301435470581
1.9774830341339111
1.9548412561416626
2.0785422325134277
1.8786019086837769
1.8424826860427856
1.733396291732788
1.6327505111694336
1.6165218353271484
1.7637804746627808
1.7697465419769287
1.7758655548095703
1.777512788772583
1.5046848058700562
1.5466357469558716
1.5787838697433472
1.6605995893478394
1.6392130851745605
1.5769023895263672
1.786251425743103
1.7685295343399048
1.9363365173339844
1.87678861618042
1.837693214416504
2.0332162380218506
2.004056215286255
2.077514171600342
1.9386966228485107
1.8668156862258911
2.0001275539398193
1.7630456686019897
2.117455005645752
2.3189566135406494
2.0550787448883057
1.895862340927124
1.7597475051879883
1.7239584922790527
1.6218103170394897
1.614145040512085
1.9373136758804321
2.0027005672454834
1.879868507385254
1.837211012840271
1.9251306056976318
1.9431837797164917
1.9310331344604492
1.6717039346694946
1.7728685140609741
1.6965527534484863
1.686151385307312
1.7527759075164795
1.6097420454025269
1.5796345472335815
1.750398874282837
1.8752827644348145
1.8903210163116455
1.911431908607483
1.9647104740142822
1.9400883913040161
1.8338241577148438
1.9064220190048218
1.9293550252914429
1.7968348264694214
1.8065593242645264
1.7872164249420166
1.7987991571426392
1.8339624404907227
1.8354791402816772
1.8466706275939941
1.7946901321411133
2.035446882247925
2.094461679458618
2.1356911659240723
2.080397605895996
2.2842373847961426
2.188634157180786
2.235253095626831
2.2875254154205322
2.515132188796997
2.5348360538482666
2.540477752685547
2.2898926734924316
2.5105440616607666
2.3672196865081787
2.3867580890655518
2.1508891582489014
2.2935235500335693
2.2091801166534424
2.0508005619049072
1.9644455909729004
1.9751719236373901
2.0301363468170166
1.6994712352752686
2.0154898166656494
1.8981581926345825
1.8721762895584106
1.9921694993972778
2.0424180030822754
2.15189528465271
2.1636123657226563
2.2437684535980225
2.2963011264801025
2.1400868892669678
2.142986297607422
2.0881097316741943
2.145620107650757
2.384528398513794
2.286484956741333
2.567352056503296
2.6477653980255127
2.295585870742798
2.3372178077697754
2.2499518394470215
2.386366844177246
2.181187868118286
2.326104164123535
2.128643751144409
2.0535383224487305
1.8972251415252686
1.917217493057251
1.7340954542160034
1.4350306987762451
1.5677375793457031
1.6325289011001587
1.8002115488052368
1.932409405708313
1.9816707372665405
1.7542260885238647
2.1008503437042236
1.8646647930145264
1.8747265338897705
1.872457504272461
1.5653635263442993
1.6810380220413208
1.6781548261642456
1.8483000993728638
1.9026612043380737
1.7130980491638184
1.4114325046539307
1.5207942724227905
1.7764452695846558
1.8537306785583496
1.7005308866500854
1.9134676456451416
2.0392587184906006
2.0616164207458496
2.1590282917022705
2.3516061305999756
2.2024245262145996
2.34395694732666
2.521042585372925
2.8574328422546387
2.882002830505371
2.7419803142547607
2.687549114227295
2.618591547012329
2.624445676803589
2.7084262371063232
2.6778032779693604
2.860468626022339
2.479414224624634
2.2395355701446533
2.3032360076904297
2.308880090713501
2.75073504447937
2.4358043670654297
2.6166930198669434
2.8761444091796875
2.7171196937561035
2.9469003677368164
3.1368300914764404
3.254418134689331
2.8413443565368652
3.1558542251586914
3.0762221813201904
2.92071533203125
2.621028184890747
2.9777510166168213
3.2431259155273438
3.2149534225463867
3.047053813934326
2.7024340629577637
2.91615629196167
2.7974884510040283
2.757974147796631
2.8139116764068604
2.614170551300049
2.4434139728546143
2.302302837371826
2.4018304347991943
1.9669269323349
2.237123966217041
2.3511571884155273
2.2010409832000732
2.1414408683776855
2.0801613330841064
2.201281785964966
2.318394422531128
2.641716480255127
2.44397234916687
2.4163575172424316
2.427523136138916
2.064277410507202
1.9198696613311768
1.8743427991867065
1.983894944190979
1.9245258569717407
2.0734453201293945
2.2231733798980713
2.018476963043213
2.3671324253082275
2.2362160682678223
2.2497446537017822
2.1916918754577637
2.4495136737823486
1.8025895357131958
1.9016443490982056
1.8700557947158813
1.8758666515350342
1.922195553779602
1.7720979452133179
1.7921922206878662
1.7624891996383667
1.8294920921325684
1.709717869758606
2.0138463973999023
1.8989859819412231
1.8828078508377075
2.0772440433502197
2.092231512069702
2.3891708850860596
1.9650599956512451
1.8761072158813477
2.195033311843872
2.2600932121276855
2.0136306285858154
2.214481830596924
2.2041938304901123
2.362889528274536
2.289215564727783
2.411602258682251
2.5449647903442383
2.688593626022339
2.760422706604004
2.745082139968872
2.9532318115234375
2.9470279216766357
2.789275884628296
2.8141086101531982
2.603179693222046
2.460937976837158
2.673236131668091
2.3890275955200195
2.2786383628845215
2.1230177879333496
2.3420708179473877
2.9128024578094482
2.8763997554779053
2.586906671524048
2.5692379474639893
2.6532111167907715
2.65730357170105
2.6622235774993896
2.7517054080963135
2.7722394466400146
2.553624153137207
2.723404884338379
2.5370306968688965
2.7855823040008545
2.755971908569336
2.7131731510162354
2.637615919113159
2.698577642440796
2.866346836090088
2.647219657897949
2.874359369277954
2.6004981994628906
2.4970083236694336
2.418034553527832
2.1852574348449707
2.4129538536071777
2.292780876159668
2.0159943103790283
2.140471935272217
2.2300848960876465
2.043942928314209
2.128096342086792
2.0380327701568604
2.0130434036254883
2.1369311809539795
1.9814099073410034
1.883726954460144
1.7990972995758057
1.8908263444900513
2.0840556621551514
2.3262596130371094
2.469656467437744
2.524864673614502
2.3914144039154053
2.3049230575561523
2.439237594604492
2.3617007732391357
2.3720550537109375
2.2944142818450928
2.045598030090332
1.7264811992645264
2.1259140968322754
2.171590566635132
2.1548023223876953
2.008676767349243
2.024190902709961
2.1204545497894287
2.334113836288452
1.9931511878967285
2.043775796890259
2.094409704208374
2.0625085830688477
1.9982751607894897
1.7830448150634766
1.8332005739212036
2.0675315856933594
1.9092110395431519
1.6474443674087524
1.8585140705108643
1.6950758695602417
1.8692924976348877
1.870361328125
1.9733281135559082
1.6939010620117188
1.937731146812439
2.0815389156341553
2.075761556625366
2.266040563583374
2.1019906997680664
2.30871844291687
2.2716407775878906
2.166806936264038
2.1695966720581055
2.496907949447632
2.4155900478363037
2.214099407196045
1.9399455785751343
2.263378143310547
2.4424190521240234
2.268782377243042
2.1609718799591064
2.23286771774292
2.421050786972046
2.5061094760894775
2.529780864715576
2.3933265209198
2.6323165893554688
2.1444759368896484
2.217945098876953
2.148406744003296
2.0052242279052734
1.9843183755874634
1.992030382156372
2.007338285446167
1.9243496656417847
1.932396650314331
1.8669549226760864
1.9357192516326904
1.9577454328536987
1.904516339302063
2.1374855041503906
1.9175156354904175
1.9271833896636963
2.0977113246917725
2.051276206970215
2.0922253131866455
2.15401554107666
2.2522389888763428
2.048346519470215
2.134265661239624
2.3101346492767334
2.2692716121673584
2.1406679153442383
1.9530876874923706
1.9162901639938354
2.007620334625244
1.9561536312103271
1.8756541013717651
2.211099624633789
2.1642751693725586
2.230475902557373
2.0560710430145264
1.8320990800857544
2.063371181488037
1.800053358078003
1.8561584949493408
1.7283049821853638
1.6768076419830322
1.5633230209350586
1.5361709594726563
1.9085506200790405
1.7722665071487427
2.0270426273345947
2.0958564281463623
1.8174411058425903
1.9032875299453735
2.1128365993499756
1.7816967964172363
1.7385002374649048
1.7440052032470703
2.0615196228027344
2.153210401535034
2.0695478916168213
1.7849130630493164
1.838785171508789
1.866025686264038
2.1690800189971924
2.073322057723999
1.9929983615875244
1.9190791845321655
2.1355128288269043
2.312129020690918
2.3250348567962646
2.201718807220459
2.1417438983917236
2.402315139770508
2.6007239818573
2.436475992202759
2.260369300842285
2.0912065505981445
2.3233642578125
2.217567205429077
2.209235906600952
2.2918574810028076
2.092733383178711
2.2765493392944336
2.303807258605957
2.3673698902130127
2.368130683898926
2.269521713256836
2.7122812271118164
2.6431493759155273
2.5275280475616455
2.5572803020477295
2.510396718978882
2.4424986839294434
2.317310333251953
2.136742353439331
2.2458877563476563
1.9080283641815186
1.9985514879226685
2.2879209518432617
2.324357509613037
2.2295563220977783
2.4968295097351074
2.4008002281188965
2.311772346496582
2.149968147277832
2.057396411895752
2.0501418113708496
1.7721562385559082
2.2859206199645996
2.1467652320861816
2.2668325901031494
2.4131288528442383
2.1587605476379395
2.3591229915618896
2.1977791786193848
2.2268807888031006
2.0100536346435547
2.257295608520508
1.955688238143921
2.178098201751709
1.9591635465621948
1.9581218957901
2.1850779056549072
2.2387847900390625
2.337709903717041
2.1383752822875977
2.0218217372894287
1.9543015956878662
2.2128231525421143
2.1418471336364746
2.3545939922332764
2.173896074295044
2.182363986968994
2.3499555587768555
2.0722105503082275
2.2638320922851563
2.1940395832061768
2.4112815856933594
2.4592599868774414
2.39933180809021
2.564967632293701
2.4787375926971436
2.4653587341308594
2.6792569160461426
2.544346332550049
2.5307235717773438
2.6188502311706543
2.585538625717163
2.487403392791748
2.6928870677948
2.615046977996826
2.1679294109344482
2.1881320476531982
2.272991895675659
2.232438802719116
1.9568980932235718
2.0763800144195557
2.1521270275115967
2.1492671966552734
2.3020336627960205
2.2810492515563965
2.272839069366455
2.1291449069976807
2.320282459259033
2.5334420204162598
2.2184910774230957
2.450035333633423
2.3190689086914063
2.2550208568573
2.4330127239227295
2.4051566123962402
2.1650760173797607
1.9991811513900757
2.161083459854126
2.0395779609680176
2.0877628326416016
2.0480659008026123
1.9571160078048706
2.171630382537842
2.1016860008239746
1.9055148363113403
1.9789090156555176
1.97040593624115
1.950387954711914
2.036391496658325
1.9807003736495972
2.1097066402435303
1.8327275514602661
2.0009958744049072
2.137241840362549
2.1189913749694824
2.1139910221099854
1.9608381986618042
2.068988561630249
2.1775379180908203
1.9256502389907837
1.9239720106124878
1.7872602939605713
1.8679969310760498
1.9549225568771362
2.0035688877105713
1.9330049753189087
1.8924083709716797
1.9515870809555054
2.195096492767334
2.500753164291382
2.3536248207092285
2.13031005859375
2.038059949874878
2.117861032485962
1.8337469100952148
2.4032769203186035
2.370494842529297
2.1418237686157227
2.2652318477630615
2.5784993171691895
2.394247531890869
2.241720676422119
2.317636013031006
2.200564384460449
2.081937789916992
2.0949127674102783
2.262037754058838
2.28031587600708
2.460383415222168
2.413273572921753
2.285088062286377
2.2773656845092773
1.935592770576477
2.0477988719940186
2.297689199447632
2.4334487915039063
2.2539377212524414
2.310413122177124
2.0722756385803223
2.248472213745117
2.296234607696533
2.3326923847198486
2.1365458965301514
2.134556770324707
2.3388192653656006
2.2233898639678955
2.2856431007385254
2.093794584274292
2.0926082134246826
2.1708576679229736
2.1966211795806885
2.352299928665161
2.40923810005188
2.2115280628204346
1.9915533065795898
2.070188522338867
1.929770588874817
2.018800735473633
2.0041558742523193
2.127448320388794
2.033529281616211
2.017559766769409
2.281416654586792
2.2477970123291016
2.1657798290252686
1.9682039022445679
2.1845386028289795
2.3602452278137207
2.361392021179199
2.19885516166687
2.062387228012085
2.1831893920898438
2.034736394882202
2.065265417098999
1.874174952507019
1.9020336866378784
1.6402997970581055
1.8891847133636475
1.8482064008712769
1.9387860298156738
1.9920982122421265
2.0963521003723145
2.0744588375091553
2.0725114345550537
2.208078384399414
2.023348331451416
2.078740119934082
2.3761489391326904
2.3987250328063965
2.436613082885742
2.5582435131073
2.3524553775787354
2.5415289402008057
2.6484174728393555
2.332397222518921
2.2972309589385986
2.4669430255889893
2.174818515777588
2.2127697467803955
2.3249874114990234
2.2951974868774414
2.2205564975738525
2.431305408477783
2.652373790740967
2.5747461318969727
2.367701530456543
2.3444020748138428
2.1922101974487305
2.2971913814544678
2.2897653579711914
2.1907894611358643
2.248461961746216
2.121830940246582
2.1498186588287354
2.436418056488037
2.524869918823242
2.3198726177215576
2.4586801528930664
2.2641186714172363
2.3877475261688232
2.329901695251465
2.5025651454925537
2.5000665187835693
2.90555477142334
2.926095962524414
3.1158742904663086
2.911306381225586
2.669534206390381
2.933920383453369
2.884070634841919
2.8587448596954346
2.861191511154175
3.2011618614196777
3.221348524093628
3.1275482177734375
2.926490068435669
2.9666554927825928
3.089491128921509
3.0371434688568115
3.0916531085968018
3.149099826812744
3.3350307941436768
3.429246425628662
3.3742494583129883
3.220674753189087
3.163825035095215
3.3428702354431152
3.4129478931427
3.258784294128418
3.0572011470794678
2.8762125968933105
2.8121769428253174
2.8720510005950928
2.90531063079834
3.202519416809082
3.158134937286377
3.0114526748657227
2.9374430179595947
3.0257174968719482
3.075888156890869
3.242826223373413
3.2302918434143066
3.2798290252685547
3.111224412918091
3.15047025680542
3.3205764293670654
3.1836671829223633
3.0045769214630127
2.9736320972442627
3.0543570518493652
3.047466993331909
3.049560546875
2.9721574783325195
3.1933977603912354
3.1125760078430176
3.3828511238098145
3.6800506114959717
3.6309022903442383
3.215346336364746
2.835639715194702
2.8491814136505127
2.809767484664917
3.0840256214141846
3.1492137908935547
3.4123096466064453
3.1064655780792236
3.1646041870117188
3.505202054977417
3.654632329940796
3.4292609691619873
3.5086638927459717
3.4315271377563477
3.0524706840515137
3.104447841644287
3.2845304012298584
3.3719661235809326
3.506964683532715
3.8535685539245605
3.6412014961242676
3.535365581512451
3.5614795684814453
3.886878252029419
3.9336419105529785
3.926501989364624
3.4863531589508057
3.917064666748047
3.7272183895111084
3.6403591632843018
3.816439628601074
3.591388463973999
3.615036964416504
3.62534236907959
3.733649492263794
3.322457790374756
3.4961471557617188
3.4581730365753174
3.77980637550354
3.745398998260498
3.7495155334472656
3.588306427001953
3.275296449661255
3.376446008682251
3.4464800357818604
3.266947031021118
3.112011671066284
3.2716879844665527
3.437863826751709
3.5613503456115723
3.849195718765259
3.4703667163848877
3.6062254905700684
3.464200735092163
3.463672161102295
3.62380051612854
3.67195200920105
3.770155906677246
3.569078207015991
3.6762757301330566
3.400761604309082
3.473942995071411
3.429624557495117
3.307187557220459
3.368255138397217
3.492293119430542
3.478698253631592
3.2030088901519775
3.3394172191619873
3.366206169128418
3.2418179512023926
3.5621461868286133
3.4634478092193604
3.521724224090576
3.3606722354888916
3.313300132751465
3.1966326236724854
3.2704811096191406
3.4790585041046143
3.049269914627075
3.28593111038208
3.307314157485962
3.3273837566375732
3.2106781005859375
3.3696327209472656
3.5574228763580322
3.818601131439209
3.563096523284912
3.072293281555176
3.2687976360321045
3.2062175273895264
3.0591585636138916
2.8634047508239746
3.0323903560638428
3.1095662117004395
2.9938430786132813
3.0487775802612305
2.804588794708252
2.83940052986145
3.218369483947754
3.18735671043396
3.136627197265625
3.262721538543701
3.119934558868408
3.038546085357666
3.0322017669677734
3.163975477218628
3.0051627159118652
3.2427899837493896
3.258845806121826
3.300855875015259
3.1820576190948486
3.0311076641082764
2.970559597015381
2.7744741439819336
3.021149158477783
2.815661907196045
3.0958425998687744
3.178894519805908
3.1791484355926514
3.0504543781280518
3.0706896781921387
2.9879066944122314
2.9747238159179688
2.8119008541107178
2.975494623184204
3.120332717895508
3.013258695602417
3.1206109523773193
3.3284435272216797
3.285672903060913
3.1675121784210205
3.259075403213501
2.9729270935058594
3.1995973587036133
3.2320024967193604
3.047001838684082
2.9121363162994385
2.989501953125
2.8663480281829834
2.989658832550049
2.852789878845215
2.848917007446289
3.0795533657073975
3.216989040374756
2.8767435550689697
2.9018447399139404
2.988255500793457
3.0746257305145264
2.9740793704986572
3.0142416954040527
2.954602003097534
2.875697374343872
2.7605526447296143
2.765169382095337
2.7656967639923096
2.951167106628418
3.3396859169006348
3.244464159011841
3.2828357219696045
3.415519952774048
3.0851635932922363
3.0197644233703613
3.11989426612854
3.4168901443481445
3.2325198650360107
3.288945436477661
3.3385326862335205
3.336578369140625
3.3932087421417236
3.5529701709747314
3.5697524547576904
3.5157127380371094
3.6322073936462402
3.512451171875
3.4626553058624268
3.2573649883270264
3.31138277053833
3.259202241897583
3.695254325866699
3.3963472843170166
3.5054588317871094
3.594774007797241
3.214977502822876
2.7629218101501465
2.8637194633483887
3.073296070098877
3.2881171703338623
3.377174139022827
3.1454644203186035
3.2021982669830322
3.055602788925171
3.1180174350738525
3.2458176612854004
2.9610114097595215
2.7659149169921875
2.9038286209106445
2.6989517211914063
3.069532871246338
3.133975028991699
2.889012336730957
2.9510414600372314
3.0374348163604736
2.8049206733703613
2.8381149768829346
2.9690449237823486
2.894308567047119
2.7182836532592773
3.0337984561920166
2.9032299518585205
2.8205530643463135
3.2307252883911133
3.2002010345458984
3.3404810428619385
3.486874580383301
3.4685747623443604
3.483750820159912
3.0695676803588867
3.3171825408935547
2.9686877727508545
2.997692584991455
3.134829521179199
2.886190891265869
3.0823044776916504
3.007892608642578
3.0127432346343994
2.8223133087158203
2.9384167194366455
3.076927661895752
3.041238784790039
3.0007569789886475
3.2939529418945313
3.214071035385132
3.5121428966522217
3.556896448135376
3.246866226196289
3.728396415710449
3.409628391265869
3.1880438327789307
3.278597354888916
3.2205140590667725
3.3075246810913086
3.4011361598968506
3.168367624282837
3.259899616241455
3.185218095779419
3.071410894393921
2.8354685306549072
3.0094172954559326
2.856827974319458
2.961261034011841
2.976416826248169
3.0844125747680664
2.890122175216675
2.845050573348999
2.899200916290283
2.691983461380005
2.6200881004333496
2.8853063583374023
2.681459903717041
2.7044992446899414
3.0767934322357178
2.8781371116638184
3.1836626529693604
3.010176181793213
2.76505184173584
3.103792190551758
3.2055492401123047
3.2540030479431152
3.1177620887756348
3.0080597400665283
3.0302822589874268
2.923821449279785
2.997795820236206
2.8935952186584473
2.979020118713379
3.1101622581481934
3.0840964317321777
3.392409563064575
3.2115674018859863
3.296229362487793
3.205838441848755
2.9182393550872803
3.0318069458007813
2.9058947563171387
2.8926873207092285
2.621945381164551
3.0104563236236572
2.931450128555298
2.7693352699279785
3.0180914402008057
2.8329672813415527
3.034027099609375
2.9076550006866455
3.3638861179351807
3.101816177368164
3.158364772796631
3.1728832721710205
3.3245325088500977
3.195000171661377
3.4876036643981934
3.270745038986206
3.5645222663879395
3.4678990840911865
3.3360140323638916
3.399773120880127
3.1804518699645996
3.2268760204315186
3.36635422706604
3.3365306854248047
3.133681058883667
3.3943796157836914
3.6104485988616943
3.389780044555664
3.231994152069092
3.09951114654541
3.218825101852417
3.3142435550689697
3.336763858795166
3.3884241580963135
3.271430492401123
3.5414366722106934
3.448246955871582
3.5022997856140137
3.5973458290100098
3.298619270324707
3.548978090286255
3.5632143020629883
3.267953395843506
3.406649112701416
3.255366563796997
3.4335896968841553
3.3937854766845703
3.3049588203430176
2.9754462242126465
3.1874377727508545
3.282482862472534
3.3129770755767822
3.1082444190979004
3.182030200958252
3.232113838195801
3.0209267139434814
3.118618965148926
3.187798261642456
3.3253893852233887
3.3535780906677246
3.3663241863250732
3.3206143379211426
3.3384358882904053
3.019967555999756
3.0185608863830566
2.8394124507904053
3.131324291229248
2.9494357109069824
3.306690216064453
3.1527674198150635
3.0859861373901367
3.056118965148926
2.950148820877075
2.9955790042877197
2.8188531398773193
2.5809013843536377
2.7823691368103027
2.9135448932647705
2.6970510482788086
2.9026877880096436
3.011319637298584
2.985450506210327
2.9278833866119385
2.7731611728668213
2.7633018493652344
2.887883424758911
2.8172528743743896
2.7882726192474365
2.8267996311187744
2.7534713745117188
2.730720281600952
2.855454921722412
2.814655065536499
3.0929553508758545
2.8688700199127197
2.5876376628875732
2.7776145935058594
2.6778564453125
2.653111457824707
2.8453996181488037
2.870220899581909
3.0873117446899414
3.038846254348755
3.126852512359619
3.0863115787506104
3.1451728343963623
3.210235357284546
3.1509742736816406
2.79138445854187
2.8383426666259766
2.876110553741455
2.828584909439087
2.7718687057495117
2.6874537467956543
2.9021193981170654
2.8370165824890137
2.766493082046509
2.9815330505371094
2.8810575008392334
3.0858993530273438
3.018488883972168
3.381321430206299
3.1450183391571045
3.2126216888427734
3.213747501373291
3.3893396854400635
3.4489762783050537
3.4270706176757813
3.526364803314209
3.21309494972229
3.2487735748291016
3.4815471172332764
3.276033401489258
3.072023630142212
2.994950771331787
2.915371894836426
3.0996947288513184
2.8662476539611816
3.0361673831939697
3.0870649814605713
3.13620662689209
3.2207906246185303
3.319150924682617
3.0223135948181152
3.14422869682312
3.0676651000976563
2.978797674179077
3.3077030181884766
3.0904381275177
3.0956907272338867
3.016397714614868
2.986222505569458
3.1998720169067383
2.8424794673919678
3.0675430297851563
3.309765338897705
3.3512730598449707
3.3727357387542725
3.181954860687256
2.911144733428955
2.8967363834381104
2.8219473361968994
2.989774465560913
3.0689854621887207
2.8864493370056152
2.9956696033477783
3.0711989402770996
2.904801607131958
3.004038095474243
2.9234619140625
2.979928731918335
2.98218035697937
2.998009204864502
2.8680970668792725
2.982858180999756
3.1729094982147217
3.2130894660949707
3.3764450550079346
3.2256200313568115
3.382747173309326
3.2244324684143066
3.0840611457824707
3.1493654251098633
3.0654549598693848
3.3481531143188477
3.5892696380615234
3.4795894622802734
3.2896740436553955
3.454129457473755
3.213965654373169
3.491563558578491
3.4355549812316895
3.104544162750244
3.280423402786255
3.4142796993255615
3.294008731842041
3.1668591499328613
3.4332165718078613
3.095921039581299
3.2432587146759033
3.0821115970611572
3.2865872383117676
3.435371160507202
3.0318024158477783
3.006532907485962
3.2775206565856934
2.980644702911377
2.8010051250457764
3.006948471069336
3.0133566856384277
2.9988880157470703
3.016812324523926
2.8854496479034424
2.8995163440704346
3.1572327613830566
2.972487688064575
2.988215684890747
3.2078943252563477
3.2075936794281006
3.2495369911193848
3.2067172527313232
3.1502127647399902
3.2416305541992188
3.2710049152374268
3.247972249984741
3.2144718170166016
3.1878366470336914
3.0058891773223877
3.349360466003418
3.3169562816619873
3.168072462081909
3.186918020248413
2.7965316772460938
2.9259982109069824
3.074406147003174
3.2682998180389404
3.4161975383758545
3.2644639015197754
3.44301176071167
3.379730224609375
3.3681914806365967
3.590226173400879
3.269618511199951
3.5975890159606934
3.5400962829589844
3.5284767150878906
3.6735708713531494
3.2191100120544434
3.203857421875
3.093499183654785
2.992903470993042
3.2401087284088135
3.298722743988037
3.152523994445801
3.377767562866211
3.261976957321167
3.018864393234253
3.213442325592041
3.1316332817077637
3.25068736076355
3.4327542781829834
3.4264941215515137
3.277500867843628
3.0932726860046387
3.1959068775177
3.0903267860412598
3.075848340988159
3.0336928367614746
2.81581449508667
2.7797458171844482
2.9372057914733887
2.736358642578125
2.9539523124694824
3.0720417499542236
3.066459894180298
3.103646755218506
3.045513391494751
2.803480386734009
2.8229262828826904
2.9712138175964355
3.0004522800445557
3.00203013420105
2.7995996475219727
2.9639296531677246
2.892829418182373
2.994250535964966
3.2629497051239014
3.023027181625366
2.8482019901275635
2.766529083251953
3.236774444580078
3.05959153175354
2.9613754749298096
2.893366813659668
2.9415435791015625
3.055386781692505
2.8252265453338623
2.9275588989257813
2.898261547088623
3.076827049255371
3.082876443862915
3.031987428665161
3.079352855682373
3.1130852699279785
3.453564405441284
3.0980780124664307
3.1897480487823486
3.079577922821045
2.8943066596984863
3.06777286529541
3.0847971439361572
3.1771650314331055
3.3236286640167236
3.545598268508911
3.56081485748291
3.3304495811462402
3.154831647872925
3.4017417430877686
3.458540439605713
3.5491650104522705
3.3858871459960938
3.267353057861328
3.2693114280700684
2.9921934604644775
3.0924429893493652
3.0523526668548584
3.267508029937744
3.131469249725342
2.9498276710510254
3.1110033988952637
2.952075719833374
2.9068517684936523
2.9637985229492188
3.0968477725982666
3.1492245197296143
3.1744277477264404
3.0972354412078857
2.986067056655884
3.1854987144470215
3.200118064880371
3.2282135486602783
3.4506165981292725
3.455798625946045
3.321256160736084
3.449876308441162
3.552525758743286
3.4418184757232666
3.5010173320770264
3.2532424926757813
3.161710500717163
3.3416037559509277
3.2687132358551025
3.1103122234344482
3.1327075958251953
3.368778705596924
3.5537803173065186
3.411158800125122
3.3291847705841064
3.267799139022827
3.3061726093292236
3.3108816146850586
3.461533784866333
3.4102578163146973
3.195753812789917
3.294360637664795
3.4919042587280273
3.0872995853424072
3.2539970874786377
3.3238015174865723
3.4698991775512695
3.1684370040893555
3.1916449069976807
3.3399550914764404
2.9799396991729736
3.1192941665649414
2.854261636734009
2.953578233718872
2.9818050861358643
2.950854539871216
2.739215850830078
2.742218255996704
2.881011724472046
2.974074602127075
3.007922410964966
3.149855136871338
3.131056308746338
2.9524919986724854
2.8899118900299072
2.7889366149902344
2.7800488471984863
2.811450958251953
2.9220752716064453
2.8340704441070557
2.990914821624756
2.988389492034912
2.9890007972717285
2.732727289199829
2.780991554260254
3.0089168548583984
2.7934539318084717
3.0203890800476074
3.1654810905456543
2.6927852630615234
3.0255589485168457
2.739248752593994
2.9383625984191895
2.8773252964019775
2.81264066696167
2.896178722381592
2.8816888332366943
2.8146884441375732
2.6214842796325684
2.764373540878296
2.8112306594848633
2.7892849445343018
2.9622037410736084
2.926510810852051
2.781061887741089
3.073099136352539
2.8666677474975586
2.92253041267395
3.0334155559539795
2.888911247253418
2.7225914001464844
2.9242687225341797
2.8899471759796143
2.888526201248169
2.847538709640503
2.7573955059051514
2.7865421772003174
2.8662991523742676
3.0745627880096436
2.9307920932769775
3.1190707683563232
2.898054599761963
3.0694968700408936
2.848057270050049
2.826842784881592
2.8845832347869873
2.9601266384124756
2.8904471397399902
2.9976677894592285
2.7570204734802246
2.9111838340759277
2.81960129737854
2.7965872287750244
2.9945068359375
3.08187198638916
3.238271713256836
3.2249772548675537
3.041694164276123
3.2573227882385254
2.9819726943969727
3.114935874938965
3.0623116493225098
3.0240180492401123
3.0640604496002197
3.081442356109619
2.8154213428497314
2.9451348781585693
3.0741569995880127
2.806326150894165
2.8963682651519775
2.8346362113952637
2.722316026687622
2.435887336730957
2.59336256980896
2.6234123706817627
2.845257520675659
3.0352060794830322
3.09588623046875
3.20766282081604
3.155752182006836
3.4148740768432617
3.241048574447632
3.2596638202667236
3.369790554046631
3.3557655811309814
3.2331502437591553
3.4872071743011475
3.2247180938720703
3.221550941467285
3.119532823562622
3.107236862182617
3.2597880363464355
3.166259288787842
3.2515339851379395
3.2355830669403076
3.258246660232544
3.1138954162597656
3.070047378540039
2.775226593017578
2.8507444858551025
2.75508975982666
2.947075366973877
3.401015520095825
3.3309412002563477
3.2308402061462402
3.282686233520508
3.364464521408081
3.259723424911499
3.1857969760894775
2.9951939582824707
2.8984286785125732
3.0136499404907227
3.081388235092163
3.0222771167755127
3.2282731533050537
3.0809566974639893
2.914409637451172
3.3004374504089355
3.089252233505249
3.0912365913391113
3.1176443099975586
2.9199626445770264
3.217639446258545
3.0159847736358643
3.227285146713257
3.154066562652588
3.328502893447876
3.456082582473755
3.1370160579681396
3.3221521377563477
3.2627389430999756
3.6280410289764404
3.40140700340271
3.3395917415618896
3.2378413677215576
3.3961706161499023
3.2787697315216064
3.1299657821655273
2.9231088161468506
2.9856202602386475
3.0498006343841553
3.1329784393310547
3.039271593093872
3.120013475418091
2.9955592155456543
3.046050548553467
3.1952478885650635
3.138118267059326
3.045973062515259
2.851893186569214
3.105565071105957
3.077467203140259
2.8928580284118652
2.7198164463043213
3.1224467754364014
3.0879852771759033
3.2232277393341064
2.9578161239624023
2.816551446914673
2.933702230453491
2.7740137577056885
2.8327484130859375
2.9311859607696533
2.85381817817688
2.938775062561035
2.87630558013916
3.0112576484680176
2.904008150100708
2.88620662689209
2.6903910636901855
2.8871562480926514
2.613227605819702
2.7307164669036865
2.908641815185547
3.081979513168335
3.155374050140381
3.1794445514678955
3.0861823558807373
3.2795159816741943
3.1454851627349854
3.235943555831909
3.295078754425049
3.0205371379852295
3.0642755031585693
3.124143123626709
3.1497585773468018
3.351986885070801
3.188335657119751
3.0783820152282715
2.938249111175537
3.0058231353759766
3.1566085815429688
3.2812488079071045
3.038414716720581
3.0810792446136475
3.206963300704956
2.9563417434692383
3.02404522895813
3.1045384407043457
2.8509116172790527
2.8374838829040527
2.8884644508361816
2.978959798812866
2.9386258125305176
2.683499336242676
2.676908493041992
2.8625283241271973
3.001932144165039
3.1027321815490723
2.8155219554901123
2.8728880882263184
2.892982006072998
2.6614420413970947
2.828246831893921
2.8708322048187256
2.8427469730377197
2.832763671875
2.7813973426818848
2.894134521484375
3.203125238418579
3.430086135864258
3.244943380355835
3.3896751403808594
3.404599666595459
3.0459794998168945
3.2836670875549316
3.1353635787963867
3.131643533706665
3.2373952865600586
3.297034978866577
3.5226070880889893
3.471510648727417
3.4663565158843994
3.5846638679504395
3.842637300491333
3.6215999126434326
3.5306010246276855
3.414181709289551
3.433279275894165
3.578360080718994
3.4919180870056152
3.59744930267334
3.5480382442474365
3.883596181869507
3.8009772300720215
3.5659937858581543
3.536973476409912
3.450533390045166
3.180224895477295
3.3084304332733154
3.3264477252960205
3.304079294204712
3.387275218963623
3.1620020866394043
2.8873534202575684
3.0231802463531494
3.0914714336395264
3.14125657081604
2.9392263889312744
3.112407684326172
3.225315570831299
3.4704549312591553
3.0180211067199707
3.339278221130371
3.304657459259033
3.209981679916382
3.0897438526153564
2.8706886768341064
2.912217378616333
2.8995511531829834
3.0709681510925293
3.090916633605957
3.178724765777588
3.257779598236084
3.462623357772827
3.5041449069976807
3.357337713241577
3.2021069526672363
3.5508909225463867
3.493457555770874
3.287412166595459
3.1093385219573975
2.8648338317871094
2.9734437465667725
3.069046974182129
2.9400503635406494
3.015752077102661
3.0792198181152344
3.2133092880249023
3.365603446960449
3.2411420345306396
3.2424163818359375
3.210242748260498
3.130458116531372
3.0153417587280273
3.192880392074585
3.2499122619628906
3.1344056129455566
3.2375807762145996
3.1115946769714355
3.4047467708587646
3.10807466506958
2.8829493522644043
2.747819423675537
2.809251070022583
2.8482346534729004
2.788447141647339
2.5802550315856934
2.4636640548706055
2.823068618774414
2.5743279457092285
2.673985481262207
2.7939321994781494
2.7110395431518555
2.7897348403930664
2.7941343784332275
2.665515899658203
2.7734971046447754
2.816246747970581
2.587819814682007
2.545135736465454
2.4434456825256348
2.7009201049804688
2.8298635482788086
2.620198965072632
2.5995888710021973
2.506995677947998
2.7116386890411377
2.6716268062591553
2.516651153564453
2.516935110092163
2.3657312393188477
2.4732675552368164
2.514716625213623
2.503749370574951
2.690528154373169
2.559166193008423
2.529902219772339
2.5941100120544434
2.5771684646606445
2.590402126312256
3.057419776916504
3.026618480682373
2.898104190826416
2.872419834136963
2.797910690307617
2.8430323600769043
2.7790000438690186
2.8532633781433105
2.978454113006592
3.0181946754455566
2.744025230407715
2.555748462677002
2.928727149963379
2.7553625106811523
2.3660221099853516
2.72281551361084
2.5518736839294434
2.5524682998657227
2.51352596282959
2.5786471366882324
2.701870918273926
2.676135778427124
2.884352684020996
2.8964102268218994
3.044767379760742
3.0546834468841553
2.8188095092773438
2.8419406414031982
2.9713244438171387
2.800213098526001
2.7691094875335693
2.7849698066711426
2.725975751876831
2.387329339981079
2.6056318283081055
2.5515685081481934
2.512791156768799
2.551999807357788
2.603332757949829
2.663642644882202
2.5047035217285156
2.610767364501953
2.4883251190185547
2.5080068111419678
2.742342472076416
2.8430538177490234
2.7783877849578857
2.782526969909668
2.8345284461975098
2.6075146198272705
2.7063984870910645
2.8708980083465576
2.7999107837677
3.019503116607666
2.953411102294922
3.036893129348755
2.9274494647979736
3.029902935028076
2.726020574569702
2.705605983734131
2.8001348972320557
2.8554415702819824
2.807427167892456
2.9760639667510986
2.7266693115234375
2.5880839824676514
2.5989608764648438
2.773268938064575
2.72280216217041
2.691697359085083
2.384129524230957
2.5683352947235107
2.9632620811462402
3.037071943283081
3.19132661819458
3.0649991035461426
3.0791919231414795
3.033893346786499
3.013486862182617
3.109560966491699
3.365872859954834
3.2095320224761963
3.2966971397399902
3.170203685760498
3.063858985900879
3.0022075176239014
3.0581395626068115
2.9186744689941406
2.704411268234253
2.789651393890381
2.6608669757843018
2.7891478538513184
2.7508914470672607
2.766695976257324
2.6264379024505615
2.9674880504608154
2.92321515083313
2.7477035522460938
2.8794450759887695
2.7677271366119385
2.9752724170684814
2.568911075592041
2.605225086212158
2.663329601287842
2.6042723655700684
2.757120370864868
2.83438777923584
3.006368398666382
2.8417487144470215
2.7018561363220215
2.851726531982422
2.7255516052246094
2.5780234336853027
2.7129437923431396
2.6791017055511475
2.531109571456909
2.688603639602661
2.7488536834716797
2.7664380073547363
2.869393825531006
2.781315803527832
2.8658838272094727
2.920626401901245
2.6259992122650146
2.6593658924102783
2.6499381065368652
2.8828864097595215
2.8366007804870605
2.849750518798828
2.7200403213500977
2.554342269897461
2.678010940551758
2.555168867111206
2.7039027214050293
2.7648282051086426
3.074124574661255
2.8468594551086426
2.751159191131592
2.536787748336792
2.593106985092163
2.5244033336639404
2.5445492267608643
2.5654613971710205
2.56469988822937
2.58502459526062
2.6935503482818604
2.539052963256836
2.5382256507873535
2.5532138347625732
2.57564640045166
2.685256242752075
2.617300033569336
2.461080551147461
2.661698579788208
2.686307191848755
2.612558126449585
2.4824373722076416
2.524188995361328
2.5350465774536133
2.347057580947876
2.331137180328369
2.3437187671661377
2.161868095397949
2.2045538425445557
2.3791463375091553
2.4319469928741455
2.4648635387420654
2.3079328536987305
2.3388588428497314
2.3004865646362305
2.325457811355591
2.4020497798919678
2.287656307220459
2.2580251693725586
2.135847330093384
2.5240492820739746
2.2685813903808594
2.2567648887634277
2.3374388217926025
2.3332176208496094
2.4502573013305664
2.181915521621704
2.366252899169922
2.2643141746520996
2.3439137935638428
2.429933547973633
2.621734142303467
2.512990951538086
2.528017282485962
2.6470718383789063
2.656627893447876
2.7743444442749023
2.890789747238159
2.8252038955688477
3.044891357421875
3.03694748878479
2.9427123069763184
2.591688632965088
2.5903117656707764
2.593761444091797
2.689814567565918
2.6040353775024414
2.4441325664520264
2.726379632949829
2.609403371810913
2.670417547225952
2.3624792098999023
2.530147075653076
2.6619951725006104
2.41933012008667
2.5439133644104004
2.4836905002593994
2.495013952255249
2.5564322471618652
2.390568256378174
2.5629262924194336
2.554069995880127
2.4567012786865234
2.313110828399658
2.1434926986694336
2.1327335834503174
2.2460238933563232
2.4842939376831055
2.4066450595855713
2.673471212387085
2.421060562133789
2.7209460735321045
2.6635518074035645
2.9211812019348145
2.621213912963867
2.956430435180664
2.7624738216400146
2.9276797771453857
2.9662303924560547
3.2382380962371826
3.086409091949463
3.0754055976867676
2.977233409881592
2.9616479873657227
2.8735909461975098
3.089486837387085
3.1564788818359375
3.2223217487335205
3.404144048690796
3.230625629425049
3.0916266441345215
3.325840473175049
3.0495188236236572
3.3151113986968994
3.0458600521087646
3.143702268600464
3.1744682788848877
3.0794665813446045
3.162407398223877
3.256502389907837
3.1839349269866943
3.0425972938537598
3.019796371459961
2.7477195262908936
2.6606194972991943
2.6767399311065674
2.7093725204467773
2.7485649585723877
2.9182324409484863
2.9510042667388916
2.9015562534332275
2.908193826675415
2.7314560413360596
2.8991172313690186
3.027251958847046
2.8807616233825684
2.986942768096924
2.897428274154663
2.8133842945098877
2.8042218685150146
2.739375352859497
2.915018081665039
2.8856184482574463
2.8445847034454346
2.943890333175659
2.867975950241089
2.945033311843872
2.8419394493103027
3.103231191635132
2.946298122406006
2.908642053604126
2.81026291847229
2.7393360137939453
2.53511381149292
2.6438522338867188
2.4986343383789063
2.708692789077759
2.7242510318756104
2.5669164657592773
2.5448460578918457
2.999006986618042
2.7858781814575195
2.60443115234375
3.055673599243164
2.6820592880249023
2.713982582092285
2.6619155406951904
2.815978527069092
2.9182121753692627
2.904642343521118
2.9735989570617676
2.8155362606048584
2.7768936157226563
2.6943743228912354
2.725173234939575
2.9224162101745605
2.9210622310638428
2.925950765609741
2.7847180366516113
2.930269956588745
2.7815592288970947
2.673694372177124
2.8129804134368896
2.7946157455444336
2.7401931285858154
2.6641249656677246
2.8667056560516357
3.056152582168579
3.0571725368499756
3.0109612941741943
2.803072214126587
2.952547073364258
2.956773042678833
3.1391429901123047
2.993131160736084
3.1018388271331787
3.065532922744751
3.132265090942383
3.197152614593506
3.139543294906616
3.014066696166992
3.1097676753997803
3.285398244857788
3.21463680267334
3.1690738201141357
3.166205406188965
3.3522238731384277
3.1687865257263184
