0.7959953546524048
0.9263384342193604
0.9500550031661987
1.0310041904449463
1.055755376815796
0.9813286662101746
0.9865425825119019
1.0599682331085205
1.1380975246429443
1.1443078517913818
1.2005863189697266
1.186633586883545
1.189273476600647
1.121314287185669
1.0951176881790161
1.187766194343567
1.120285153388977
1.1540522575378418
1.197649598121643
1.1502634286880493
1.219018816947937
1.360188364982605
1.260316014289856
1.2826043367385864
1.1763519048690796
1.2266184091567993
1.3858003616333008
1.2550801038742065
1.2370007038116455
1.2159756422042847
1.2908785343170166
1.2539526224136353
1.287611484527588
1.2253904342651367
1.1744002103805542
1.2256518602371216
1.277745246887207
1.360625147819519
1.4320534467697144
1.3321139812469482
1.5500895977020264
1.448538064956665
1.4363656044006348
1.4652376174926758
1.4393295049667358
1.285478115081787
1.4259600639343262
1.4380124807357788
1.3169983625411987
1.4056525230407715
1.3916616439819336
1.4156266450881958
1.5295029878616333
1.4974278211593628
1.6248197555541992
1.6238372325897217
1.636183738708496
1.536918044090271
1.5469164848327637
1.6146043539047241
1.6202175617218018
1.560362696647644
1.584028720855713
1.5972098112106323
1.5405117273330688
1.5614022016525269
1.5973310470581055
1.635206937789917
1.6299715042114258
1.5387293100357056
1.6230382919311523
1.5600870847702026
1.5862916707992554
1.5787980556488037
1.585598349571228
1.5682730674743652
1.6182663440704346
1.5719035863876343
1.6132137775421143
1.5373433828353882
1.498386025428772
1.5565963983535767
1.5565872192382813
1.572961449623108
1.5515094995498657
1.6411396265029907
1.4264239072799683
1.4482133388519287
1.6354912519454956
1.5075654983520508
1.4974744319915771
1.6933913230895996
1.6156607866287231
1.6317530870437622
1.6626043319702148
1.4931358098983765
1.544553279876709
1.584480881690979
1.615095853805542
1.521933674812317
1.5502758026123047
1.516294002532959
1.5917737483978271
1.551151990890503
1.5197285413742065
1.4216713905334473
1.4559946060180664
1.402080774307251
1.475677728652954
1.4804062843322754
1.5337339639663696
1.515401005744934
1.5176681280136108
1.5200469493865967
1.5817948579788208
1.5801286697387695
1.5419299602508545
1.502655267715454
1.6087300777435303
1.683213710784912
1.727990746498108
1.6988693475723267
1.6308077573776245
1.6773613691329956
1.6668351888656616
1.7942255735397339
1.728793740272522
1.878688097000122
1.7533360719680786
1.6573771238327026
1.7817331552505493
1.709332823753357
1.732304573059082
1.7387328147888184
1.7415858507156372
1.6888885498046875
1.8029245138168335
1.8348890542984009
1.677664875984192
1.630819320678711
1.7806599140167236
1.642106294631958
1.5870673656463623
1.7590142488479614
1.7903711795806885
1.7542146444320679
1.7573521137237549
1.7919039726257324
1.716352105140686
1.7976804971694946
1.895904302597046
1.819811463356018
1.9039360284805298
1.8204748630523682
1.9710873365402222
1.8589693307876587
1.9659394025802612
1.9539278745651245
1.8038841485977173
1.8224999904632568
1.956248164176941
1.9699043035507202
1.9327392578125
2.0435590744018555
2.120285749435425
2.1437110900878906
2.0364153385162354
1.9963881969451904
2.0557241439819336
1.9979883432388306
1.9136873483657837
1.9474725723266602
2.052260637283325
1.9391982555389404
1.934330701828003
1.9128464460372925
2.010190963745117
1.895442008972168
1.9533240795135498
1.9372607469558716
1.9535915851593018
1.8295329809188843
1.7906770706176758
1.668282151222229
1.7993156909942627
1.9178370237350464
1.9411449432373047
1.896450161933899
1.7898437976837158
1.6813595294952393
1.633224606513977
1.7460203170776367
1.6652013063430786
1.6646620035171509
1.7691739797592163
1.804518699645996
1.7476435899734497
1.8288577795028687
1.790020227432251
1.8198795318603516
1.909008502960205
1.9105563163757324
1.9473960399627686
1.919654130935669
1.7925132513046265
1.8682451248168945
1.9023329019546509
1.927813172340393
1.8495298624038696
1.8377902507781982
1.850420355796814
1.9095838069915771
1.9369332790374756
1.889187216758728
1.7747001647949219
1.758975863456726
1.8374500274658203
1.9173688888549805
1.9319583177566528
1.918304681777954
1.9272202253341675
1.9393352270126343
1.9148223400115967
1.8757973909378052
1.8912649154663086
1.9050856828689575
1.8850189447402954
1.9832210540771484
2.0342957973480225
1.9993574619293213
2.006561279296875
1.9009534120559692
1.9113268852233887
2.0121798515319824
1.8643949031829834
1.8304675817489624
1.8133373260498047
1.8312757015228271
1.8568165302276611
1.8173598051071167
1.8943452835083008
1.8558430671691895
1.9845337867736816
1.9042227268218994
1.863415002822876
1.8828837871551514
1.7314283847808838
1.8572710752487183
1.8325079679489136
1.8230797052383423
1.9017940759658813
1.9185563325881958
1.863595962524414
1.8999804258346558
1.9365571737289429
1.8385566473007202
1.8675283193588257
1.7214055061340332
1.698753833770752
1.7919182777404785
1.873520016670227
1.8154056072235107
1.708148717880249
1.6825668811798096
1.6582285165786743
1.6350934505462646
1.6301829814910889
1.5654269456863403
1.6148682832717896
1.6886630058288574
1.5666648149490356
1.6210938692092896
1.6841217279434204
1.6016391515731812
1.6361678838729858
1.7272591590881348
1.7374943494796753
1.8456544876098633
1.743552803993225
1.675571322441101
1.7205936908721924
1.653483271598816
1.5802648067474365
1.5806255340576172
1.5956300497055054
1.6054654121398926
1.5686291456222534
1.7203106880187988
1.6626540422439575
1.7087010145187378
1.657148838043213
1.7881368398666382
1.818718671798706
1.7553274631500244
1.744140863418579
1.6471158266067505
1.6614811420440674
1.7983839511871338
1.7998775243759155
1.848007321357727
1.8763220310211182
1.869716763496399
1.8175503015518188
1.8224648237228394
1.8135665655136108
1.8505592346191406
1.733169436454773
1.6696382761001587
1.6797581911087036
1.587822675704956
1.5870029926300049
1.5046043395996094
1.4633660316467285
1.5270189046859741
1.6231660842895508
1.631327509880066
1.6472240686416626
1.7314307689666748
1.6866532564163208
1.6718083620071411
1.584653615951538
1.6311594247817993
1.6361706256866455
1.6675418615341187
1.6612067222595215
1.671303629875183
1.775960087776184
1.6799103021621704
1.5959268808364868
1.5316059589385986
1.5491164922714233
1.5378414392471313
1.5602468252182007
1.6943514347076416
1.6350269317626953
1.7065123319625854
1.6322933435440063
1.5749437808990479
1.5399444103240967
1.5164867639541626
1.5698014497756958
1.5196408033370972
1.4730719327926636
1.4066965579986572
1.4435904026031494
1.5319712162017822
1.4248325824737549
1.3418129682540894
1.4133657217025757
1.4876118898391724
1.605922818183899
1.533203363418579
1.5427113771438599
1.5560572147369385
1.6245969533920288
1.640337586402893
1.643969178199768
1.728223204612732
1.735154628753662
1.7783771753311157
1.790514588356018
1.8376861810684204
1.7596514225006104
1.8276156187057495
1.81173574924469
1.6938023567199707
1.7707899808883667
1.8320002555847168
1.6813217401504517
1.7018097639083862
1.6178120374679565
1.5903594493865967
1.5900005102157593
1.6344493627548218
1.6061166524887085
1.654603362083435
1.7337496280670166
1.7371193170547485
1.5925559997558594
1.6450334787368774
1.6948014497756958
1.6381874084472656
1.5182286500930786
1.6953790187835693
1.7004783153533936
1.7160991430282593
1.7585102319717407
1.7032054662704468
1.6886523962020874
1.6622471809387207
1.771321415901184
1.6152673959732056
1.5855153799057007
1.560858130455017
1.6584696769714355
1.6123758554458618
1.532858967781067
1.5333633422851563
1.5942184925079346
1.6993597745895386
1.6514179706573486
1.6935288906097412
1.6896559000015259
1.6235859394073486
1.6164240837097168
1.7599002122879028
1.665439248085022
1.651174545288086
1.667511224746704
1.691656231880188
1.6928799152374268
1.7458744049072266
1.6459301710128784
1.7291597127914429
1.8160630464553833
1.8176953792572021
1.843022108078003
1.9018330574035645
1.8868155479431152
1.8769882917404175
1.8735361099243164
1.8735096454620361
1.8727141618728638
1.8981409072875977
1.917325496673584
1.7959972620010376
1.8250566720962524
1.7810518741607666
1.7990859746932983
1.862885594367981
1.8189901113510132
1.9297022819519043
1.9260026216506958
1.9116824865341187
1.9785404205322266
1.804627537727356
1.7637755870819092
1.7590794563293457
1.7517504692077637
1.732831358909607
1.8342700004577637
1.94709312915802
1.8276368379592896
1.7805746793746948
1.7658593654632568
1.8396062850952148
1.8382114171981812
1.8193942308425903
1.7963438034057617
1.8236148357391357
1.835806131362915
1.7551796436309814
1.861479640007019
1.7044997215270996
1.7604418992996216
1.879454493522644
1.8724437952041626
1.921351432800293
1.9341238737106323
1.8848130702972412
1.8094301223754883
1.8449817895889282
1.8337633609771729
1.7921676635742188
1.7853361368179321
1.8471205234527588
1.852229118347168
1.8196090459823608
1.8611093759536743
1.853027582168579
1.9472261667251587
2.0015695095062256
1.9609322547912598
1.9657058715820313
2.143648862838745
1.998224139213562
2.084350824356079
2.160522699356079
2.1011993885040283
2.1375811100006104
2.0466806888580322
2.154993772506714
2.1487531661987305
2.2494349479675293
2.1717915534973145
2.0857298374176025
2.0531485080718994
1.9744985103607178
1.893486738204956
1.901962399482727
1.9569483995437622
1.872058391571045
1.9350889921188354
1.9088873863220215
1.9000862836837769
1.9015089273452759
1.8921796083450317
1.873126745223999
1.9552489519119263
1.9974749088287354
2.082947254180908
1.9425458908081055
1.8960145711898804
1.9835925102233887
1.9359649419784546
2.022939443588257
2.1357650756835938
2.0631895065307617
2.154181718826294
2.158930778503418
2.280959129333496
2.1894774436950684
2.1002964973449707
2.0679571628570557
2.1728005409240723
2.1275534629821777
2.1532347202301025
2.149487018585205
2.0916965007781982
2.0900166034698486
2.0170023441314697
2.0633203983306885
1.9939438104629517
2.0671470165252686
1.9940115213394165
1.9492685794830322
2.019456148147583
2.090054512023926
2.0051238536834717
2.033484697341919
2.061058282852173
2.061103582382202
2.049069404602051
2.023266077041626
1.9921849966049194
2.0983824729919434
1.9356769323349
1.9832496643066406
2.006357192993164
1.9660813808441162
1.9529865980148315
1.9543037414550781
1.8648864030838013
1.9148857593536377
2.0584001541137695
2.0299322605133057
2.0748403072357178
2.1153032779693604
2.1251473426818848
2.104846954345703
2.2187488079071045
2.141611099243164
2.159393787384033
2.1407129764556885
2.1824300289154053
2.204326868057251
2.1491429805755615
2.098212957382202
2.122007131576538
2.062269449234009
2.0181126594543457
2.0170323848724365
2.024949550628662
2.031195640563965
2.0501599311828613
2.030043840408325
1.9741876125335693
2.0195608139038086
2.1577484607696533
2.0755701065063477
2.1060049533843994
2.0649077892303467
2.1392083168029785
2.1605637073516846
2.122882843017578
2.075623035430908
2.0024123191833496
1.9884402751922607
1.919452428817749
1.968344807624817
1.977620244026184
1.8817925453186035
1.9448482990264893
2.005526542663574
1.8449695110321045
1.9086847305297852
1.834004521369934
1.7924033403396606
1.825230598449707
1.8904802799224854
1.8696154356002808
1.8913229703903198
1.817305564880371
1.7737059593200684
1.8756461143493652
1.7766486406326294
1.8697624206542969
1.798437237739563
1.8496423959732056
1.8413267135620117
1.7369450330734253
1.7843611240386963
1.8665601015090942
1.929038405418396
1.9405410289764404
2.0275702476501465
2.0561861991882324
2.139190673828125
2.052436113357544
1.869362711906433
1.8911868333816528
1.8672125339508057
1.7770503759384155
1.8772481679916382
1.9202556610107422
1.8459069728851318
1.9203563928604126
1.8585346937179565
1.907302975654602
1.7994630336761475
1.8696647882461548
1.9401576519012451
2.0184693336486816
1.839464545249939
1.8988107442855835
1.893791913986206
1.9749352931976318
2.011226177215576
2.0833919048309326
1.900200605392456
1.9456346035003662
1.9135295152664185
1.958038091659546
1.855644941329956
1.972790002822876
1.8330495357513428
1.862783432006836
1.8575336933135986
1.8425521850585938
1.7922160625457764
1.8150748014450073
1.8686532974243164
1.9102857112884521
1.9184744358062744
1.9109231233596802
1.9677062034606934
1.924468755722046
1.9168897867202759
1.7579258680343628
1.7427911758422852
1.7486459016799927
1.839420199394226
1.966252088546753
1.9358280897140503
1.888092041015625
1.8072009086608887
1.7969573736190796
1.9204614162445068
1.8605657815933228
1.835545301437378
1.911257028579712
1.8443092107772827
1.6658121347427368
1.7543925046920776
1.9902310371398926
1.8799726963043213
1.8962438106536865
1.9655625820159912
1.932443618774414
2.0203804969787598
1.9879695177078247
1.9899945259094238
2.080005168914795
1.9929686784744263
2.0297698974609375
1.9781962633132935
2.001879930496216
1.8694372177124023
1.8574215173721313
1.917508602142334
1.9297808408737183
1.8561859130859375
1.8928298950195313
1.9432456493377686
1.9847482442855835
1.9474647045135498
1.9994239807128906
1.9159692525863647
1.9467130899429321
1.8427095413208008
1.7369909286499023
1.7402576208114624
1.7974611520767212
1.7113971710205078
1.7970337867736816
1.7730000019073486
1.7539399862289429
1.9234869480133057
1.9505845308303833
1.9112507104873657
1.9442806243896484
1.8286038637161255
1.798244833946228
1.846346139907837
1.9497674703598022
2.0130245685577393
1.9549829959869385
1.9140918254852295
1.9837900400161743
2.057837724685669
2.034794330596924
1.9553014039993286
1.9641553163528442
1.8586422204971313
1.9618111848831177
1.9043523073196411
1.8894349336624146
1.8740110397338867
2.034648895263672
2.036548376083374
2.035324811935425
1.9952027797698975
1.9545599222183228
1.8279088735580444
1.7241734266281128
1.735795497894287
1.7579371929168701
1.890348196029663
1.9640893936157227
1.9470407962799072
1.9188319444656372
1.958181381225586
1.9642024040222168
1.9675036668777466
1.9653743505477905
1.953408122062683
1.8010607957839966
1.9129074811935425
1.8102591037750244
1.8561499118804932
1.7773391008377075
1.7512774467468262
1.7347971200942993
1.8211421966552734
1.8037558794021606
1.7917734384536743
1.9063071012496948
1.9090912342071533
1.7961965799331665
1.752601146697998
1.7748692035675049
1.5793733596801758
1.7546662092208862
1.7207551002502441
1.7522588968276978
1.7772068977355957
1.7919312715530396
1.8639862537384033
1.848341464996338
1.830918312072754
1.7302863597869873
1.7795857191085815
1.7227948904037476
1.745939016342163
1.7731709480285645
1.7482194900512695
1.9193211793899536
1.8703471422195435
1.8886940479278564
2.028088331222534
2.0258452892303467
2.0815305709838867
2.1392855644226074
2.093092203140259
2.0790295600891113
1.947723627090454
2.0308732986450195
2.1150126457214355
2.183764696121216
2.22165584564209
2.029970645904541
2.1006076335906982
2.086301565170288
2.021122455596924
1.9904592037200928
2.0277223587036133
1.9916802644729614
1.8803893327713013
2.08009672164917
1.9696112871170044
1.9078484773635864
1.9759095907211304
1.9142181873321533
1.8810228109359741
1.8037279844284058
1.8110438585281372
1.88922917842865
2.000798225402832
2.0606908798217773
2.041860818862915
2.087372064590454
2.1548268795013428
2.1000571250915527
2.0739378929138184
2.0492286682128906
2.051685094833374
2.026336193084717
2.058849811553955
2.020857095718384
1.9645596742630005
1.9636691808700562
2.066342353820801
1.9491775035858154
1.851613163948059
1.9869886636734009
1.9570214748382568
1.9626381397247314
2.012913703918457
1.9806493520736694
1.9277455806732178
2.0093088150024414
1.9561028480529785
2.0514023303985596
1.9600520133972168
1.9857722520828247
2.0074453353881836
2.079137086868286
2.095612049102783
2.125283718109131
2.1329591274261475
2.0690958499908447
2.113940715789795
2.0200462341308594
1.9491146802902222
1.918545126914978
2.0299124717712402
2.078794002532959
2.0875325202941895
1.9645676612854004
2.02736496925354
2.1128249168395996
2.0292820930480957
2.1174674034118652
2.0940680503845215
1.9459277391433716
1.9896873235702515
2.125964641571045
2.177107334136963
2.169174909591675
2.12663197517395
2.2227864265441895
2.2118871212005615
2.1398284435272217
2.1513919830322266
2.076681613922119
1.967445731163025
2.0219192504882813
2.0493826866149902
2.1356348991394043
2.074110507965088
2.0234060287475586
2.14103364944458
2.0594117641448975
2.0359063148498535
2.0827138423919678
2.012468099594116
1.8419816493988037
1.8452434539794922
1.8744946718215942
1.8874870538711548
1.931695818901062
1.988173007965088
1.976853847503662
1.967658281326294
1.9674711227416992
1.9692673683166504
1.9726110696792603
2.074061155319214
2.0115182399749756
1.9176561832427979
1.9655531644821167
2.0230729579925537
1.9387154579162598
1.9007912874221802
1.8956327438354492
1.9143924713134766
1.83954918384552
1.7969928979873657
1.846604585647583
1.8644664287567139
1.8971446752548218
1.9103527069091797
1.948506474494934
1.992111086845398
1.9883263111114502
2.0177063941955566
1.9182971715927124
1.9502652883529663
1.9946035146713257
2.0181291103363037
1.9003758430480957
1.9771225452423096
2.0068771839141846
2.0247228145599365
2.0344812870025635
2.0408260822296143
2.0760507583618164
2.155404567718506
2.164032220840454
2.18057918548584
2.061429262161255
2.0749497413635254
1.9832900762557983
2.118030548095703
2.084317445755005
2.013951539993286
2.1036651134490967
2.024696111679077
2.1055848598480225
2.0063774585723877
2.0820305347442627
2.0201416015625
2.0436837673187256
2.0548627376556396
2.0818378925323486
2.0418896675109863
2.0751898288726807
2.1071956157684326
2.1431660652160645
2.0350003242492676
2.0851597785949707
2.136439323425293
2.132376194000244
2.1996567249298096
2.1918785572052
2.183292865753174
2.168705701828003
2.1687374114990234
2.166062355041504
2.06758451461792
1.9682308435440063
2.0629940032958984
2.1272170543670654
2.153411865234375
2.0928750038146973
2.133572816848755
2.1744914054870605
2.1871542930603027
2.066047191619873
2.129667282104492
2.1796865463256836
2.1605465412139893
2.2507386207580566
2.234426975250244
2.2929306030273438
2.306321620941162
2.2582948207855225
2.245687961578369
2.1592304706573486
2.295628070831299
2.261963367462158
2.2232069969177246
2.353938579559326
2.31797456741333
2.3798351287841797
2.3727121353149414
2.3796448707580566
2.3794782161712646
2.280454158782959
2.3698604106903076
2.403744697570801
2.312265157699585
2.3214986324310303
2.509101629257202
2.5357859134674072
2.5693581104278564
2.534003257751465
2.599839687347412
2.608734607696533
2.6311113834381104
2.64253830909729
2.717273473739624
2.932380437850952
3.0226094722747803
2.965711832046509
2.974909543991089
2.8642561435699463
2.9516756534576416
2.8789689540863037
2.9717509746551514
2.7918736934661865
2.597944498062134
2.488795042037964
2.5212464332580566
2.363166570663452
2.4482836723327637
2.523599863052368
2.6015591621398926
2.6562340259552
2.7786452770233154
2.8625693321228027
2.7839431762695313
2.6204750537872314
2.752937078475952
2.62801456451416
2.6003711223602295
2.6215591430664063
2.6613948345184326
2.604398727416992
2.631392002105713
2.663320779800415
2.635897397994995
2.58994722366333
2.4944629669189453
2.4077036380767822
2.462895631790161
2.421316146850586
2.4034934043884277
2.438352108001709
2.428164482116699
2.4788546562194824
2.2752957344055176
2.2172248363494873
2.364638566970825
2.4388349056243896
2.3972437381744385
2.2662558555603027
2.2525999546051025
2.227569818496704
2.405989408493042
2.4899442195892334
2.5443363189697266
2.5291714668273926
2.4423482418060303
2.481275796890259
2.429581642150879
2.3488500118255615
2.340864658355713
2.4243953227996826
2.3956258296966553
2.4088938236236572
2.3449788093566895
2.466765880584717
2.5017476081848145
2.594658851623535
2.5410966873168945
2.485924005508423
2.4047937393188477
2.4527297019958496
2.510162830352783
2.523003101348877
2.5489141941070557
2.5436606407165527
2.6748945713043213
2.548224687576294
2.498422145843506
2.5106704235076904
2.5780794620513916
2.541041374206543
2.5108275413513184
2.4940125942230225
2.575209379196167
2.601742744445801
2.4945693016052246
2.551976442337036
2.4148178100585938
2.472076416015625
2.501804828643799
2.5019285678863525
2.5498199462890625
2.498567819595337
2.474536418914795
2.481476306915283
2.500298023223877
2.314105272293091
2.4438722133636475
2.442488431930542
2.5063672065734863
2.5867674350738525
2.585023880004883
2.6770124435424805
2.5533759593963623
2.452402114868164
2.439340829849243
2.383399724960327
2.4691569805145264
2.54833984375
2.4939146041870117
2.5043601989746094
2.5547921657562256
2.566941738128662
2.52089786529541
2.5337746143341064
2.4912703037261963
2.5551843643188477
2.51166033744812
2.407106876373291
2.483858585357666
2.3809351921081543
2.5727105140686035
2.5127973556518555
2.5015993118286133
2.470518112182617
2.427114486694336
2.4667582511901855
2.4208879470825195
2.4704620838165283
2.483349084854126
2.47221040725708
2.5126585960388184
2.4494597911834717
2.5847012996673584
2.5883378982543945
2.5898287296295166
2.664881467819214
2.574158191680908
2.531618118286133
2.446859836578369
2.513444185256958
2.5413265228271484
2.612196683883667
2.6014699935913086
2.6661505699157715
2.5944108963012695
2.5107386112213135
2.53265643119812
2.4431135654449463
2.382859945297241
2.3096020221710205
2.347378730773926
2.2508552074432373
2.336838722229004
2.3783278465270996
2.3810086250305176
2.2748680114746094
2.3628971576690674
2.3629674911499023
2.385174036026001
2.44753360748291
2.2967588901519775
2.302816152572632
2.359633445739746
2.3260762691497803
2.19104266166687
2.196280002593994
2.140566825866699
2.213128089904785
2.1470108032226563
2.1950485706329346
2.1843643188476563
2.239230155944824
2.178046464920044
2.3179662227630615
2.314882516860962
2.290184497833252
2.193453311920166
2.1984288692474365
2.3993396759033203
2.4024295806884766
2.3849282264709473
2.4054853916168213
2.474424362182617
2.3118906021118164
2.316396474838257
2.289057493209839
2.2534267902374268
2.057055711746216
2.1084158420562744
2.064420461654663
2.1487879753112793
2.0279242992401123
2.211822748184204
2.2079241275787354
2.1266396045684814
2.066570997238159
2.181323766708374
2.10323429107666
2.199073553085327
2.3004093170166016
2.3244941234588623
2.3668267726898193
2.2621073722839355
2.2450149059295654
2.4118385314941406
2.425295352935791
2.3830976486206055
2.4186043739318848
2.375566244125366
2.3592424392700195
2.444044589996338
2.398634672164917
2.303910970687866
2.3549811840057373
2.3030731678009033
2.415027379989624
2.3992912769317627
2.3387458324432373
2.2976958751678467
2.32981276512146
2.3865184783935547
2.263333320617676
2.333488941192627
2.308777332305908
2.359264850616455
2.3098316192626953
2.3804211616516113
2.3804895877838135
2.4059929847717285
2.402977466583252
2.372847318649292
2.381410598754883
2.3106110095977783
2.2974369525909424
2.2395637035369873
2.2887885570526123
2.3550522327423096
2.351593494415283
2.373332977294922
2.319183826446533
2.2985150814056396
2.400071382522583
2.51825213432312
2.559638738632202
2.4286789894104004
2.4263827800750732
2.3983941078186035
2.387826681137085
2.421912908554077
2.42149019241333
2.4454596042633057
2.3503706455230713
2.3539657592773438
2.4695537090301514
2.4826834201812744
2.382476329803467
2.4429845809936523
2.476269006729126
2.373819351196289
2.431427478790283
2.4119997024536133
2.415278434753418
2.399911403656006
2.328113555908203
2.3341143131256104
2.2516233921051025
2.2895305156707764
2.350032091140747
2.310948371887207
2.388505697250366
2.279712677001953
2.305650234222412
2.288728713989258
2.2253503799438477
2.208820343017578
2.3384344577789307
2.3128561973571777
2.186863899230957
2.240814685821533
2.1269826889038086
2.1818299293518066
2.207386016845703
2.1046338081359863
2.1759374141693115
2.30387544631958
2.352374792098999
2.3354337215423584
2.455719470977783
2.548532485961914
2.462585926055908
2.4073572158813477
2.390134572982788
2.3737246990203857
2.3827266693115234
2.4270405769348145
2.4563181400299072
2.529933452606201
2.5134809017181396
2.482086658477783
2.526323080062866
2.379014015197754
2.318319082260132
2.4484124183654785
2.4296321868896484
2.4308862686157227
2.340178966522217
2.4308156967163086
2.3920092582702637
2.3557283878326416
2.3694286346435547
2.3422129154205322
2.3936145305633545
2.423388719558716
2.459378957748413
2.4588513374328613
2.4282121658325195
2.386012077331543
2.4515459537506104
2.4128589630126953
2.4743990898132324
2.6589062213897705
2.6650216579437256
2.65816330909729
2.5720183849334717
2.591890335083008
2.5369443893432617
2.4538207054138184
2.449089288711548
2.4456050395965576
2.383777618408203
2.3651421070098877
2.3225438594818115
2.388237237930298
2.378516912460327
2.363711357116699
2.4402968883514404
2.5530478954315186
2.577566385269165
2.579251527786255
2.6828572750091553
2.747042179107666
2.78210186958313
2.8238015174865723
2.742276191711426
2.6703884601593018
2.5801236629486084
2.57318377494812
2.5338361263275146
2.443464994430542
2.582522392272949
2.475208282470703
2.454618453979492
2.4668071269989014
2.5230541229248047
2.4415359497070313
2.4298930168151855
2.338920831680298
2.382993698120117
2.4201366901397705
2.382627487182617
2.3895328044891357
2.312709093093872
2.425380229949951
2.3654732704162598
2.3562159538269043
2.3339173793792725
2.33925199508667
2.3033080101013184
2.350273609161377
2.2869184017181396
2.3447318077087402
2.375326633453369
2.2966737747192383
2.3574724197387695
2.246702194213867
2.272869825363159
2.423694610595703
2.464205503463745
2.47354793548584
2.521674633026123
2.4172542095184326
2.30047607421875
2.284656047821045
2.3082590103149414
2.2878799438476563
2.3120663166046143
2.2366721630096436
2.206085205078125
2.1867692470550537
2.335369825363159
2.2727229595184326
2.2554948329925537
2.2680513858795166
2.2989165782928467
2.2722487449645996
2.2492880821228027
2.3060739040374756
2.2282848358154297
2.187922239303589
2.086120128631592
2.188751459121704
2.26776385307312
2.297670364379883
2.326033592224121
2.3100314140319824
2.4290008544921875
2.3019371032714844
2.296144485473633
2.3048112392425537
2.3049628734588623
2.2658743858337402
2.3189589977264404
2.3227474689483643
2.329082727432251
2.3525776863098145
2.2592737674713135
2.2327113151550293
2.314943313598633
2.279534339904785
2.347996234893799
2.2894294261932373
2.3428850173950195
2.235297679901123
2.2690837383270264
2.371978282928467
2.1961169242858887
2.2034921646118164
2.1397345066070557
2.310088634490967
2.2121846675872803
2.133911609649658
2.1535210609436035
2.0743348598480225
2.1087355613708496
2.1390883922576904
2.178356647491455
2.0859363079071045
2.0026438236236572
2.0839152336120605
2.0658280849456787
2.034451723098755
2.087146282196045
2.207200288772583
2.2022790908813477
2.160151958465576
2.149193048477173
2.0908212661743164
2.169053554534912
2.107404947280884
2.1194090843200684
2.0587167739868164
2.0169222354888916
2.0338566303253174
2.024744749069214
2.0702500343322754
2.094012975692749
2.019127368927002
1.9927515983581543
1.9548360109329224
1.9721413850784302
1.9832104444503784
1.9820009469985962
1.9458962678909302
1.87155282497406
1.863448143005371
2.0141286849975586
1.999050259590149
1.989596962928772
1.9724016189575195
1.9665842056274414
2.1460423469543457
2.1646103858947754
2.156371831893921
2.094960927963257
2.0671157836914063
2.0228958129882813
2.0154099464416504
2.201007604598999
2.2403080463409424
2.054555892944336
2.119062900543213
2.100250005722046
2.0907881259918213
2.073380708694458
2.0581841468811035
2.0968105792999268
2.0861098766326904
2.0301365852355957
1.9640592336654663
1.919274926185608
1.9585397243499756
2.0635740756988525
2.0341029167175293
2.129436731338501
2.1832289695739746
2.1914570331573486
2.196143627166748
2.3118526935577393
2.2552900314331055
2.356738567352295
2.2700741291046143
2.3883554935455322
2.1913366317749023
2.173424005508423
2.2963244915008545
2.3050763607025146
2.267946720123291
2.336589813232422
2.343149423599243
2.406750440597534
2.3049981594085693
2.3370394706726074
2.400055170059204
2.474799156188965
2.5598137378692627
2.4304442405700684
2.4791371822357178
2.4467737674713135
2.3388850688934326
2.3470523357391357
2.406395196914673
2.5674197673797607
2.5440003871917725
2.512044668197632
2.4751508235931396
2.5320963859558105
2.599477529525757
2.53338885307312
2.4651052951812744
2.502892017364502
2.4447288513183594
2.330625057220459
2.3557891845703125
2.3323814868927
2.3218142986297607
2.349287748336792
2.3271796703338623
2.3207077980041504
2.301300048828125
2.332897901535034
2.2534947395324707
2.2998640537261963
2.393977642059326
2.3994863033294678
2.369661569595337
2.361327886581421
2.482292652130127
2.5176053047180176
2.616365432739258
2.506769895553589
2.4763641357421875
2.3985865116119385
2.313485860824585
2.2894322872161865
2.214820384979248
2.1949260234832764
2.2075107097625732
2.141366481781006
2.0572469234466553
2.0786795616149902
2.0317277908325195
2.1636245250701904
2.163925886154175
2.161648988723755
2.2121498584747314
2.2139289379119873
2.2983944416046143
2.2304224967956543
2.155721664428711
2.167764663696289
2.15863037109375
2.203369140625
2.161116600036621
2.2235183715820313
2.1796491146087646
2.0165553092956543
2.0686473846435547
2.024149179458618
2.0582475662231445
2.1436898708343506
2.108919143676758
2.078634738922119
2.001788854598999
2.061922550201416
2.1632142066955566
2.2582125663757324
2.3381917476654053
2.2486796379089355
2.2982540130615234
2.283353328704834
2.260246992111206
2.219810724258423
2.191740036010742
2.213423013687134
2.2920072078704834
2.2409751415252686
2.3247287273406982
2.2143986225128174
2.1573598384857178
2.1402316093444824
2.131092071533203
2.1695990562438965
2.208648443222046
2.0761029720306396
2.060145616531372
2.1008591651916504
2.1521284580230713
2.1334424018859863
2.1939401626586914
2.193551540374756
2.17488169670105
2.18458890914917
2.2146358489990234
2.297386407852173
2.258133888244629
2.2544655799865723
2.140692710876465
2.188861131668091
2.194582462310791
2.111799478530884
2.0658206939697266
2.110994815826416
2.130657911300659
2.1185293197631836
2.1628761291503906
2.1880409717559814
2.2021477222442627
2.2284085750579834
2.150285005569458
2.0795583724975586
2.255152702331543
2.214916467666626
2.2091195583343506
2.200033187866211
2.2162892818450928
2.160822868347168
2.2780702114105225
2.2500407695770264
2.3097689151763916
2.312281608581543
2.2610011100769043
2.3001596927642822
2.349405288696289
2.313077688217163
2.4058289527893066
2.3202741146087646
2.27427339553833
2.260261058807373
2.2530834674835205
2.372251033782959
2.331552267074585
2.267367124557495
2.2898733615875244
2.365941047668457
2.3847219944000244
2.346827268600464
2.2541799545288086
2.2708654403686523
2.3714404106140137
2.221181869506836
2.228792667388916
2.249948501586914
2.206721305847168
2.2740299701690674
2.376026153564453
2.3224544525146484
2.3716602325439453
2.382957935333252
2.409168004989624
2.3831710815429688
2.3892135620117188
2.283888101577759
2.297576904296875
2.313067674636841
2.472615957260132
2.281865119934082
2.283632278442383
2.3258233070373535
2.3477783203125
2.3674674034118652
2.2708802223205566
2.139936923980713
2.092521905899048
2.0517959594726563
2.0420117378234863
2.0047059059143066
2.0334274768829346
2.0980775356292725
2.2224831581115723
2.1469244956970215
2.198122501373291
2.127091884613037
2.276071310043335
2.0850894451141357
2.149049758911133
2.10724139213562
2.0565178394317627
2.100419759750366
2.0845916271209717
2.100755214691162
2.1805527210235596
2.1147284507751465
2.254615068435669
2.261495590209961
2.3374626636505127
2.338970899581909
2.442692995071411
2.458099842071533
2.461576461791992
2.437638521194458
2.3543224334716797
2.374561071395874
2.2984747886657715
2.306854009628296
2.204017162322998
2.118980646133423
2.219205379486084
2.1466071605682373
2.07330584526062
2.1586384773254395
2.0931549072265625
2.104940891265869
2.18740177154541
2.1911158561706543
2.119335651397705
2.01835298538208
2.0149455070495605
2.003002643585205
2.0060768127441406
2.0112321376800537
2.035325050354004
2.072080135345459
1.9542475938796997
2.114361524581909
2.115873098373413
2.133406162261963
2.1814777851104736
2.197970151901245
2.1452152729034424
2.2695887088775635
2.229464054107666
2.2802345752716064
2.219756603240967
2.240253448486328
2.232982873916626
2.2092127799987793
2.2145423889160156
2.2701337337493896
2.333972930908203
2.259859085083008
2.2147085666656494
2.2526957988739014
2.2015912532806396
2.0559401512145996
2.1106159687042236
2.1613857746124268
2.2336437702178955
2.2293694019317627
2.269432544708252
2.2097017765045166
2.219296455383301
2.2303357124328613
2.16852068901062
2.075143814086914
2.1550989151000977
2.0518834590911865
2.1133315563201904
2.179779529571533
2.182612180709839
2.148036003112793
2.088625192642212
2.0430476665496826
2.048189401626587
2.0750508308410645
2.02418851852417
2.081752061843872
2.0902867317199707
2.1498756408691406
2.2217962741851807
2.201101064682007
2.223160743713379
2.1717350482940674
2.1945064067840576
2.1984713077545166
2.0590600967407227
2.063094139099121
2.0465707778930664
2.0693321228027344
2.075204610824585
2.0967774391174316
2.1023483276367188
2.0362370014190674
2.1276042461395264
2.1105215549468994
2.1587893962860107
2.077706813812256
2.1506385803222656
2.129002332687378
2.091153144836426
2.0942633152008057
1.9982256889343262
2.048391819000244
2.064211130142212
2.182234525680542
2.1849365234375
2.2939581871032715
2.1967766284942627
2.2961299419403076
2.2769415378570557
2.268071413040161
2.307574510574341
2.2644448280334473
2.1217763423919678
2.0812549591064453
2.0494818687438965
2.195032835006714
2.1015024185180664
2.231677532196045
2.245589017868042
2.230971336364746
2.2603461742401123
2.375084161758423
2.3696882724761963
2.3628482818603516
2.305398464202881
2.3514020442962646
2.288348913192749
2.4019088745117188
2.394132137298584
2.3958704471588135
2.3961868286132813
2.3337409496307373
2.3616421222686768
2.3726096153259277
2.4075868129730225
2.401555061340332
2.423560857772827
2.2971434593200684
2.34965181350708
2.3506643772125244
2.3755948543548584
2.2746810913085938
2.365360975265503
2.262782335281372
2.2016494274139404
2.2361278533935547
2.1676104068756104
2.145282030105591
2.2388267517089844
2.1626760959625244
2.1557724475860596
2.2282211780548096
2.1931827068328857
2.2473573684692383
2.246584892272949
2.226577043533325
2.2330849170684814
2.3486716747283936
2.4034583568573
2.396597385406494
2.3426122665405273
2.27439546585083
2.3037526607513428
2.362133502960205
2.2543492317199707
2.3301732540130615
2.2514288425445557
2.21630597114563
2.2091867923736572
2.278411626815796
2.229887008666992
2.2213973999023438
2.2329869270324707
2.131481170654297
2.0722298622131348
2.1632065773010254
2.077353000640869
2.1023831367492676
2.1553592681884766
2.10906720161438
2.1043612957000732
2.2299818992614746
2.212238073348999
2.217824935913086
2.2507681846618652
2.271726608276367
2.288318157196045
2.266576051712036
2.240767478942871
2.1484534740448
2.131155014038086
2.152231454849243
2.2113699913024902
2.1590564250946045
2.0972743034362793
2.1815311908721924
2.267296075820923
2.228102922439575
2.192072868347168
2.2663800716400146
2.1959807872772217
2.147251605987549
2.1944937705993652
2.1393468379974365
2.141627550125122
2.1927714347839355
2.2225253582000732
2.142338991165161
2.045409679412842
2.1088786125183105
2.0979437828063965
2.1356074810028076
2.1565864086151123
2.2032225131988525
2.2398805618286133
2.2110602855682373
2.27427077293396
2.2387473583221436
2.2423348426818848
2.1717803478240967
2.117854595184326
2.0626492500305176
2.035412311553955
2.018484115600586
1.9903192520141602
1.967476487159729
1.9930552244186401
2.0894482135772705
2.0538623332977295
2.076803207397461
1.974454641342163
1.945786952972412
1.9979676008224487
2.1587820053100586
2.1228132247924805
1.9667006731033325
2.010161876678467
2.0253217220306396
1.9415853023529053
1.8763614892959595
1.9486008882522583
1.9731388092041016
1.9397825002670288
1.9814075231552124
1.891036033630371
1.830867886543274
1.7980839014053345
1.9164057970046997
1.9723172187805176
1.977504849433899
2.1493141651153564
2.054729700088501
2.133805990219116
2.166841983795166
2.163426160812378
2.120797872543335
2.1520209312438965
2.133784532546997
2.158784866333008
2.0624165534973145
2.1389079093933105
2.185985803604126
2.203167200088501
2.089946746826172
2.1206939220428467
2.200890302658081
2.131972312927246
2.15350341796875
2.143109083175659
2.1359121799468994
2.114367961883545
2.120535373687744
2.097076892852783
2.1620404720306396
2.1341819763183594
2.056504964828491
2.181262254714966
2.133221387863159
2.200727701187134
2.175987958908081
2.137566328048706
2.1515793800354004
2.182279586791992
2.140556573867798
2.206153392791748
2.114149808883667
2.2014689445495605
2.31752610206604
2.3535423278808594
2.352269411087036
2.369101047515869
2.38645601272583
2.353026866912842
2.2534332275390625
2.348212242126465
2.2786505222320557
2.3362560272216797
2.3211798667907715
2.356052875518799
2.495278835296631
2.277473211288452
2.35764479637146
2.3849685192108154
2.5059943199157715
2.4369795322418213
2.4101853370666504
2.4835591316223145
2.5072567462921143
2.455960988998413
2.6287448406219482
2.520113945007324
2.530477523803711
2.6180331707000732
2.43072247505188
2.6011455059051514
2.6595051288604736
2.6789309978485107
2.5968806743621826
2.6007282733917236
2.6619131565093994
2.72523832321167
2.6561286449432373
2.622922897338867
2.58372163772583
2.652632474899292
2.498370409011841
2.506582736968994
2.6079514026641846
2.4649529457092285
2.536336660385132
2.504105806350708
2.4069201946258545
2.4117941856384277
2.4728450775146484
2.651296377182007
2.531238555908203
2.4863007068634033
2.496305465698242
2.4602243900299072
2.45162296295166
2.5136382579803467
2.5944607257843018
2.6078248023986816
2.553767204284668
2.5310447216033936
2.5099639892578125
2.4327516555786133
2.457878351211548
2.582109212875366
2.5277931690216064
2.570533037185669
2.458665609359741
2.3691534996032715
2.2982029914855957
2.3249361515045166
2.3159353733062744
2.3855738639831543
2.393204927444458
2.3627126216888428
2.421186923980713
2.4228031635284424
2.4277589321136475
2.406810760498047
2.4170045852661133
2.4324448108673096
2.4281232357025146
2.4906928539276123
2.5009632110595703
2.5055861473083496
2.54892897605896
2.5487558841705322
2.473297357559204
2.49234938621521
2.351137638092041
2.2915754318237305
2.2674920558929443
2.382995128631592
2.3595190048217773
2.4226949214935303
2.4032609462738037
2.5472278594970703
2.3969600200653076
2.4310696125030518
2.4621357917785645
2.389981746673584
2.5118939876556396
2.4587740898132324
2.383742570877075
2.321176052093506
2.362311601638794
2.3816540241241455
2.4973037242889404
2.610809803009033
2.754286527633667
2.6640543937683105
2.5822107791900635
2.561000108718872
2.522883176803589
2.6165246963500977
2.5049190521240234
2.5411159992218018
2.4527862071990967
2.4152886867523193
2.410348892211914
2.4623918533325195
2.4583516120910645
2.422224283218384
2.5522124767303467
2.510165214538574
2.438425302505493
2.506629467010498
2.4237942695617676
2.374847412109375
2.4028427600860596
2.3401033878326416
2.2132327556610107
2.358384847640991
2.4311838150024414
2.5181994438171387
2.4663031101226807
2.3665363788604736
2.362156629562378
2.511353015899658
2.4565136432647705
2.4589684009552
2.6146254539489746
2.6552674770355225
2.686901569366455
2.6689624786376953
2.6839747428894043
2.576481580734253
2.536238431930542
2.599891185760498
2.5528101921081543
2.507523536682129
2.3429439067840576
2.4437849521636963
2.3380990028381348
2.501844882965088
2.353013515472412
2.416995048522949
2.3067777156829834
2.3482742309570313
2.36191987991333
2.2358596324920654
2.2966811656951904
2.2614781856536865
2.2578585147857666
2.2655515670776367
2.383593797683716
2.3461780548095703
2.380624532699585
2.287616491317749
2.237004041671753
2.31268310546875
2.2708163261413574
2.2778079509735107
2.2273447513580322
2.2031188011169434
2.237212896347046
2.1983556747436523
2.171041488647461
2.1577186584472656
2.2106289863586426
2.088482618331909
2.172614574432373
2.189297914505005
2.201714038848877
2.219831705093384
2.2365126609802246
2.1472620964050293
2.1546783447265625
2.1744766235351563
2.1779212951660156
2.1540908813476563
2.177408218383789
2.0998616218566895
2.098889112472534
2.0629961490631104
1.967979073524475
1.9392261505126953
1.9573878049850464
1.9957611560821533
2.0173168182373047
2.0679075717926025
2.0180811882019043
2.162799596786499
2.1479332447052
2.167621612548828
2.0734939575195313
2.154003858566284
2.0117671489715576
2.1356656551361084
2.1827213764190674
2.052269458770752
2.103666067123413
1.9925658702850342
2.0459916591644287
1.9756304025650024
2.0402722358703613
2.043149471282959
2.0530848503112793
1.9753694534301758
1.9617114067077637
1.925439476966858
1.993855595588684
1.9469634294509888
1.9712694883346558
2.0080313682556152
1.9660418033599854
1.8698421716690063
2.0249431133270264
1.885648488998413
1.8803943395614624
1.9258556365966797
1.9991614818572998
2.0360891819000244
2.028496265411377
2.0955915451049805
2.151942014694214
2.23486328125
2.193035364151001
2.25154972076416
2.2570865154266357
2.28019380569458
2.2550458908081055
2.209699869155884
2.373565435409546
2.279134750366211
2.2625439167022705
2.1946475505828857
2.1883957386016846
2.2053298950195313
2.1322624683380127
2.0686662197113037
2.109703302383423
2.126664400100708
2.1083130836486816
2.0984699726104736
2.157447099685669
2.0980935096740723
2.0148978233337402
2.0254828929901123
2.0269570350646973
2.162611484527588
2.1023738384246826
2.224350690841675
2.1050949096679688
2.219942092895508
2.260152816772461
2.1641571521759033
2.230232000350952
2.2990591526031494
2.2282986640930176
2.2254135608673096
2.1922988891601563
2.2250142097473145
2.300712823867798
2.1662397384643555
2.1293938159942627
2.263978958129883
2.1803438663482666
2.170179843902588
2.1138594150543213
2.1742634773254395
2.1886208057403564
2.1527445316314697
1.938123345375061
1.9456039667129517
2.0393381118774414
2.0793778896331787
2.1073741912841797
2.0177395343780518
2.020090341567993
2.062235116958618
2.0150527954101563
2.019315004348755
2.1092493534088135
2.050678253173828
2.1152260303497314
2.1882753372192383
2.079291582107544
2.088921070098877
1.9852889776229858
2.035433053970337
2.1655170917510986
2.096677780151367
2.1329171657562256
2.091475248336792
2.170379161834717
2.062689781188965
2.1223957538604736
2.077613115310669
1.9789806604385376
2.000786781311035
2.063798427581787
2.018702507019043
2.1276779174804688
2.061307907104492
1.9868015050888062
2.079516649246216
2.110978841781616
2.1077537536621094
2.0943362712860107
2.153560161590576
2.1927356719970703
2.234501600265503
2.2943763732910156
2.395292282104492
2.407466411590576
2.3801560401916504
2.3444087505340576
2.3527252674102783
2.3528568744659424
2.351217269897461
2.250617265701294
2.314073324203491
2.312511682510376
2.155487060546875
2.173226833343506
2.2028591632843018
2.2029709815979004
2.2556350231170654
2.2228293418884277
2.2538344860076904
2.277355194091797
2.23001766204834
2.2256364822387695
2.222050905227661
2.251108169555664
2.2554872035980225
2.19881010055542
2.2808890342712402
2.3199291229248047
2.2869815826416016
2.3878531455993652
2.345576524734497
2.3298490047454834
2.3599677085876465
2.315948247909546
2.2200276851654053
2.1655490398406982
2.1855831146240234
2.135688066482544
2.158339262008667
2.278681993484497
2.2228596210479736
2.2514448165893555
2.207953453063965
2.2432355880737305
2.14803409576416
2.217602252960205
2.207430124282837
2.207608938217163
2.2190961837768555
2.2447280883789063
2.2409169673919678
2.3845596313476563
2.410264253616333
2.3818538188934326
2.3453586101531982
2.3136510848999023
2.2957706451416016
2.2360894680023193
2.2188804149627686
2.350921869277954
2.2072174549102783
2.2193267345428467
2.2499425411224365
2.162468433380127
2.2221662998199463
2.242352247238159
2.1452033519744873
2.242859363555908
2.2713892459869385
2.2373600006103516
2.181572198867798
2.2632501125335693
2.212106943130493
2.244354009628296
2.273736000061035
2.4136600494384766
2.3399975299835205
2.162893295288086
2.1155810356140137
2.1677427291870117
2.182309627532959
2.194483757019043
2.216118335723877
2.1530470848083496
2.283717393875122
2.2140655517578125
2.2262625694274902
2.2967958450317383
2.243454933166504
2.1865694522857666
2.299720287322998
2.2900617122650146
2.2515885829925537
2.2133615016937256
2.316030263900757
2.3873469829559326
2.3923966884613037
2.385072708129883
2.3335788249969482
2.389273166656494
2.36149525642395
2.263155460357666
2.2891790866851807
2.2466347217559814
2.2554104328155518
2.1664342880249023
2.3359055519104004
2.3096587657928467
2.3659422397613525
2.2899961471557617
2.393498420715332
2.3300728797912598
2.3682773113250732
2.359039783477783
2.3943729400634766
2.369497299194336
2.3911328315734863
2.423642873764038
2.389523983001709
2.4929795265197754
2.5558266639709473
2.526865005493164
2.5181570053100586
2.488715171813965
2.3218934535980225
2.3558928966522217
2.3554909229278564
2.301826000213623
2.2919440269470215
2.339900016784668
2.1664741039276123
2.1643078327178955
2.2300777435302734
2.2037861347198486
2.1809890270233154
2.2424652576446533
2.3010342121124268
2.2650818824768066
2.1432418823242188
2.2571775913238525
2.2279624938964844
2.3193132877349854
2.2481279373168945
2.242708921432495
2.3571555614471436
2.4162280559539795
2.4085769653320313
2.348461627960205
2.3206679821014404
2.311540365219116
2.3610048294067383
2.4517781734466553
2.4317116737365723
2.5094921588897705
2.399876356124878
2.4778144359588623
2.472398281097412
2.587743043899536
2.625077724456787
2.6862425804138184
2.6340439319610596
2.725764036178589
2.707202672958374
2.7410197257995605
2.689875602722168
2.5906732082366943
2.6128830909729004
2.589503526687622
2.484797716140747
2.5638387203216553
2.7167515754699707
2.71755313873291
2.630596160888672
2.719069480895996
2.705740451812744
2.784109592437744
2.588749885559082
2.5919225215911865
2.6949622631073
2.6706020832061768
2.492044448852539
2.425276041030884
2.482362985610962
2.7199814319610596
2.6040453910827637
2.47668719291687
2.486485004425049
2.532710552215576
2.526928663253784
2.5838818550109863
2.6741485595703125
2.702913522720337
2.6854918003082275
2.7177536487579346
2.698317289352417
2.7364141941070557
2.6372859477996826
2.582728862762451
2.7080891132354736
2.6895928382873535
2.538038492202759
2.5555310249328613
2.493135690689087
2.521662712097168
2.6000630855560303
2.5892841815948486
2.5322232246398926
2.5747029781341553
2.6442840099334717
2.4604787826538086
2.4502313137054443
2.503774881362915
2.6352388858795166
2.4798216819763184
2.4661200046539307
